REGIAO:;N
UF:;PA
ESTACAO:;PACAJA
CODIGO (WMO):;A210
LATITUDE:;-3,8436111
LONGITUDE:;-50,63805555
ALTITUDE:;89,02
DATA DE FUNDACAO:;27/02/08
Data;Hora UTC;PRECIPITAÇÃO TOTAL, HORÁRIO (mm);PRESSAO ATMOSFERICA AO NIVEL DA ESTACAO, HORARIA (mB);PRESSÃO ATMOSFERICA MAX.NA HORA ANT. (AUT) (mB);PRESSÃO ATMOSFERICA MIN. NA HORA ANT. (AUT) (mB);RADIACAO GLOBAL (Kj/m²);TEMPERATURA DO AR - BULBO SECO, HORARIA (°C);TEMPERATURA DO PONTO DE ORVALHO (°C);TEMPERATURA MÁXIMA NA HORA ANT. (AUT) (°C);TEMPERATURA MÍNIMA NA HORA ANT. (AUT) (°C);TEMPERATURA ORVALHO MAX. NA HORA ANT. (AUT) (°C);TEMPERATURA ORVALHO MIN. NA HORA ANT. (AUT) (°C);UMIDADE REL. MAX. NA HORA ANT. (AUT) (%);UMIDADE REL. MIN. NA HORA ANT. (AUT) (%);UMIDADE RELATIVA DO AR, HORARIA (%);VENTO, DIREÇÃO HORARIA (gr) (° (gr));VENTO, RAJADA MAXIMA (m/s);VENTO, VELOCIDADE HORARIA (m/s);
2025/01/01;0000 UTC;0;999,1;999,1;998,4;;25,5;23,3;25,9;25,3;23,3;23,1;88;85;88;315;1,7;1,1;
2025/01/01;0100 UTC;0;1000;1000;999,1;;25;23,1;25,5;25;23,3;23;89;88;89;262;1,7;,3;
2025/01/01;0200 UTC;0;1000,3;1000,3;1000;;24,8;22,9;25,1;24,8;23,1;22,9;89;89;89;229;1,1;0;
2025/01/01;0300 UTC;0;1000,6;1000,7;1000,3;;24,5;22,7;24,8;24,5;22,9;22,6;90;89;90;250;1,1;0;
2025/01/01;0400 UTC;0;1000,3;1000,7;1000,3;;24,4;22,6;24,5;24,2;22,7;22,5;90;90;90;203;1,4;0;
2025/01/01;0500 UTC;,2;999,6;1000,3;999,6;;24,5;22,7;24,7;24,3;22,9;22,5;90;90;90;30;5,3;2;
2025/01/01;0600 UTC;1;999,5;999,6;999,4;;24,4;22,6;24,5;24,4;22,7;22,6;90;90;90;335;5,3;,7;
2025/01/01;0700 UTC;0;999,6;999,7;999,4;;24,3;22,3;24,4;24,3;22,6;22,3;90;89;89;26;3,1;1,6;
2025/01/01;0800 UTC;0;999,4;999,6;999,4;;24,1;22,1;24,3;24,1;22,4;22,1;89;89;89;27;3,2;,7;
2025/01/01;0900 UTC;0;999,7;999,7;999,4;;24;22,1;24,1;24;22,2;22,1;89;89;89;311;1,6;0;
2025/01/01;1000 UTC;0;1000,8;1000,8;999,7;;24,3;22,4;24,3;24;22,4;22,1;89;89;89;309;1,3;,2;
2025/01/01;1100 UTC;0;1001,3;1001,3;1000,8;;25,3;22,8;25,3;24,3;22,9;22,4;89;86;86;340;1,1;,3;
2025/01/01;1200 UTC;1,2;1001,8;1001,9;1001,3;;25,3;22,8;25,6;25;22,8;22,1;86;82;86;46;3,1;1,4;
2025/01/01;1300 UTC;,2;1002,2;1002,2;1001,8;;26,9;23,5;27;25,2;24;22,6;87;81;81;38;3,1;1,6;
2025/01/01;1400 UTC;0;1001,8;1002,2;1001,8;;29;23,3;29;26,5;24,2;23;82;71;71;64;6;3,5;
2025/01/01;1500 UTC;0;1001,3;1001,8;1001,3;;29,8;23,6;29,8;28,2;23,7;22,4;75;68;69;68;6,5;2,6;
2025/01/01;1600 UTC;0;1000,3;1001,3;1000,3;;30,6;21,7;31,6;29,6;23,8;21,6;69;57;59;93;7,7;4,8;
2025/01/01;1700 UTC;0;999,1;1000,3;999,1;;31,7;22;31,8;30,2;22,4;21,4;61;55;57;94;7,7;3,7;
2025/01/01;1800 UTC;0;998,5;999,1;998,5;;30,6;22,5;31,6;30,2;23;21,7;64;56;62;114;5,8;2,8;
2025/01/01;1900 UTC;0;997,3;998,5;997,3;;31,3;22,8;31,5;30,4;23,3;22,1;64;59;61;122;4,5;1,8;
2025/01/01;2000 UTC;0;996,8;997,3;996,8;;31;22,3;31,6;30,7;23,1;22;62;59;60;109;4,6;2,3;
2025/01/01;2100 UTC;0;996,6;996,9;996,6;;29,9;22,6;31;29,9;22,6;22,1;65;60;65;105;4,6;1;
2025/01/01;2200 UTC;0;997;997;996,6;;28,8;23,1;29,9;28,8;23,3;22,5;72;65;72;152;1,8;,4;
2025/01/01;2300 UTC;0;997,5;997,5;996,9;;27,8;23,1;28,8;27,8;23,4;23,1;77;72;76;224;1,3;,5;
2025/01/02;0000 UTC;0;998,5;998,5;997,5;;26,8;23,4;27,8;26,8;23,5;23,1;82;75;82;68;,9;0;
2025/01/02;0100 UTC;0;999,2;999,2;998,5;;26;23,4;26,8;26;23,7;23,4;85;82;85;196;0;0;
2025/01/02;0200 UTC;0;1000,3;1000,4;999,2;;25,7;23,3;26;25,6;23,4;23,2;87;85;87;130;0;0;
2025/01/02;0300 UTC;0;1000;1000,4;1000;;26;23,5;26;25,5;23,6;23,1;87;86;86;341;2,7;1,1;
2025/01/02;0400 UTC;0;1000,2;1000,5;1000;;26,1;22,9;26,1;25,7;23,5;22,9;87;83;83;36;2,7;1;
2025/01/02;0500 UTC;0;999,9;1000,2;999,9;;25,5;22;26,2;25,5;22,9;22;83;81;81;49;3,6;1,6;
2025/01/02;0600 UTC;0;999,1;999,9;999,1;;25,2;21,8;25,5;25,1;22;21,7;82;81;82;341;3,5;,4;
2025/01/02;0700 UTC;0;999,1;999,3;999;;24,9;21,8;25,2;24,9;21,9;21,6;83;81;83;316;1,5;,5;
2025/01/02;0800 UTC;0;999,1;999,2;999;;24,7;22,1;24,9;24,7;22,1;21,7;85;83;85;94;1,2;,1;
2025/01/02;0900 UTC;0;999,5;999,5;998,9;;24,4;22,1;24,8;24,4;22,1;21,9;87;85;87;296;1,2;0;
2025/01/02;1000 UTC;0;1000,7;1000,7;999,5;;24,8;21,8;24,8;24,4;22,2;21,8;87;83;83;61;2,3;1,2;
2025/01/02;1100 UTC;0;1001,1;1001,1;1000,7;;25,8;22,4;25,8;24,8;22,4;21,7;83;82;82;57;2,3;,7;
2025/01/02;1200 UTC;0;1001,8;1001,8;1001,1;;27,1;22,4;27,3;25,8;22,9;22,1;81;75;76;53;6,4;3,6;
2025/01/02;1300 UTC;0;1002,1;1002,1;1001,8;;28,9;22,4;29,1;27;23,5;22,2;76;68;68;52;7,6;4,3;
2025/01/02;1400 UTC;0;1002,1;1002,2;1002,1;;29,7;21,9;30,1;28,7;23;21,9;69;63;63;66;8,1;5,1;
2025/01/02;1500 UTC;0;1001,5;1002,1;1001,5;;30,5;22,4;30,8;29;23,2;21,8;67;61;62;64;8,2;3,8;
2025/01/02;1600 UTC;0;1000,4;1001,5;1000,4;;30,9;21,8;31,4;30,1;22,8;21,7;64;58;59;70;7,4;4;
2025/01/02;1700 UTC;0;999,3;1000,5;999,3;;32,2;21,6;32,5;30,6;23,3;21,6;62;53;54;55;7,1;3,7;
2025/01/02;1800 UTC;,8;998,3;999,3;998,2;;28,7;22,3;32,8;28,7;22,5;21,2;68;52;68;79;9,4;4,6;
2025/01/02;1900 UTC;2,4;997,7;998,4;997,7;;27;22,3;31,9;26,6;24,7;21,2;76;59;75;334;9,4;3,5;
2025/01/02;2000 UTC;0;997;997,8;996,9;;30;22,8;30,2;26,6;23,7;22,1;77;64;65;58;7;,1;
2025/01/02;2100 UTC;0;997;997,1;996,9;;29,3;24;30,9;29,3;24,2;22,8;74;64;73;250;1,4;,5;
2025/01/02;2200 UTC;0;997,5;997,5;997;;28;24;29,3;27,9;24,6;23,7;82;72;79;268;1,5;,6;
2025/01/02;2300 UTC;0;998,2;998,2;997,5;;27,3;23,8;28;27,2;24;23,7;82;78;81;257;1,5;,2;
2025/01/03;0000 UTC;0;999,2;999,2;998,2;;26,8;24;27,3;26,7;24,2;23,8;85;81;84;224;1,5;,6;
2025/01/03;0100 UTC;0;999,8;999,8;999,2;;26,5;23,9;26,8;26,5;24;23,7;86;83;86;217;1;,1;
2025/01/03;0200 UTC;0;999,9;1000;999,7;;25,9;23,5;26,5;25,9;23,9;23,5;87;86;86;12;1,1;0;
2025/01/03;0300 UTC;0;1000;1000,2;999,8;;25,7;23,6;26,1;25,5;23,7;23,3;88;86;88;199;3,1;,7;
2025/01/03;0400 UTC;0;1001,3;1001,3;999,9;;25,7;22,3;26;25,5;23,6;20,8;88;75;82;57;10,6;4,5;
2025/01/03;0500 UTC;14,6;999,7;1001,5;999,7;;22,5;20,7;25,7;22,1;21,8;20;90;78;90;106;15,9;2;
2025/01/03;0600 UTC;0;999,7;1000;999,7;;22,5;20,6;22,5;22,4;20,7;20,6;90;89;89;294;3,9;1,6;
2025/01/03;0700 UTC;0;999,8;1000,1;999,6;;22,6;20,8;22,7;22,4;20,9;20,6;90;89;90;100;2,8;,3;
2025/01/03;0800 UTC;,2;1000,2;1000,2;999,5;;22,7;20,9;22,7;22,6;21;20,8;90;90;90;69;3,6;1,7;
2025/01/03;0900 UTC;0;1000,5;1000,5;999,7;;22,7;21;22,9;22,7;21,1;20,9;90;90;90;305;3,6;,8;
2025/01/03;1000 UTC;0;1001,6;1001,6;1000,5;;23;21,2;23;22,7;21,2;21;90;90;90;346;1,7;,2;
2025/01/03;1100 UTC;0;1002,2;1002,2;1001,6;;23,4;21,6;23,4;23;21,6;21,2;90;90;90;259;1,8;,9;
2025/01/03;1200 UTC;0;1003,1;1003,1;1002,2;;24;21,8;24;23,4;22;21,6;90;87;87;230;2,2;1,2;
2025/01/03;1300 UTC;0;1002,8;1003,1;1002,8;;26;22,7;26;23,9;22,9;21,5;87;82;82;150;2,2;1;
2025/01/03;1400 UTC;0;1002,4;1002,9;1002,4;;27,4;23,6;27,4;26;23,6;22,4;83;78;80;123;2,9;1,1;
2025/01/03;1500 UTC;0;1002,3;1002,4;1002,2;;28,1;23,2;28,3;27,3;24;23;80;73;75;68;4,1;2,7;
2025/01/03;1600 UTC;0;1001,5;1002,3;1001,5;;28,4;23,1;28,5;27,9;23,4;22,8;76;72;73;63;4,8;2,9;
2025/01/03;1700 UTC;0;1000,7;1001,5;1000,7;;28,7;22,9;28,9;28,2;23,4;22,6;74;70;71;60;5,1;2,1;
2025/01/03;1800 UTC;0;999,5;1000,7;999,5;;29,4;23;29,6;28,7;23,5;22,5;72;67;69;19;3,6;1,3;
2025/01/03;1900 UTC;0;998,1;999,5;998,1;;29,8;23,1;29,9;29,4;23,4;22,5;69;66;67;63;3,1;,2;
2025/01/03;2000 UTC;0;997,7;998,1;997,7;;29;23,5;29,9;29;23,7;22,7;73;66;72;270;2,2;1,1;
2025/01/03;2100 UTC;0;997,8;997,8;997,5;;28,9;23,6;29,1;28,5;23,7;23,2;74;72;73;292;2,2;,6;
2025/01/03;2200 UTC;0;997,6;997,8;997,4;;27,6;23,5;28,9;27,6;23,8;23,4;78;73;78;343;1,7;1;
2025/01/03;2300 UTC;0;998,2;998,2;997,5;;26,7;23,9;27,6;26,7;23,9;23,5;84;78;84;333;2,2;,9;
2025/01/04;0000 UTC;0;999;999;998,2;;26,2;23,8;26,7;26,2;23,9;23,7;87;84;87;45;2;,3;
2025/01/04;0100 UTC;0;1000,1;1000,1;999;;26;23,8;26,2;25,9;23,8;23,7;88;87;88;333;1,9;,4;
2025/01/04;0200 UTC;0;1000,5;1000,6;1000,1;;25,6;23,6;26;25,6;23,8;23,6;89;88;88;308;2,5;1,1;
2025/01/04;0300 UTC;0;999,9;1000,6;999,9;;25,3;23,3;25,6;25,3;23,6;23,3;89;88;89;222;2,2;,5;
2025/01/04;0400 UTC;1;1000,5;1000,5;999,8;;25,3;23,5;25,3;25,1;23,5;23,2;90;89;90;36;3,8;1,8;
2025/01/04;0500 UTC;0;999,9;1000,5;999,9;;24,5;22,2;25,3;24,5;23,5;22,2;90;87;87;48;7;1,9;
2025/01/04;0600 UTC;0;999,7;1000;999,5;;24,5;22;24,5;24,4;22,2;22;87;86;86;53;3,6;,9;
2025/01/04;0700 UTC;0;999,4;999,7;999,4;;24,4;21,7;24,5;24,4;22;21,7;86;85;85;36;2,4;1,2;
2025/01/04;0800 UTC;0;999,5;999,5;999,3;;24,2;21,6;24,4;24,2;21,6;21,5;86;84;86;56;2,7;1,5;
2025/01/04;0900 UTC;0;999,8;999,8;999,4;;24,1;21,5;24,3;24;21,6;21,5;86;85;86;31;3,3;,7;
2025/01/04;1000 UTC;0;1000,4;1000,4;999,8;;24,2;21,7;24,3;24;21,8;21,5;86;86;86;180;1,6;0;
2025/01/04;1100 UTC;0;1000,7;1000,7;1000,4;;24,9;21,9;24,9;24,1;22;21,7;87;84;84;225;1,6;,6;
2025/01/04;1200 UTC;0;1001,6;1001,6;1000,7;;26,4;22,1;26,4;24,9;22,6;21,9;84;77;77;16;1,7;,2;
2025/01/04;1300 UTC;0;1001,7;1001,7;1001,6;;27,1;22,3;27,8;26,2;23,1;21,8;78;74;75;46;3,2;1,4;
2025/01/04;1400 UTC;0;1001,7;1001,8;1001,7;;27;22,7;27,2;26,6;23,1;22,3;79;75;77;80;5;2,5;
2025/01/04;1500 UTC;0;1001,2;1001,7;1001,2;;29,2;23,4;29,2;27;23,8;22,5;78;71;71;65;5,1;1;
2025/01/04;1600 UTC;0;1000,6;1001,2;1000,5;;27,3;23,2;30;27,3;24,1;22,4;79;68;79;102;5;2,7;
2025/01/04;1700 UTC;,2;998,6;1000,6;998,6;;27,6;22,3;28,4;26,3;23,3;22,2;80;71;73;172;6,3;1,2;
2025/01/04;1800 UTC;0;997,5;998,6;997,5;;29,5;22,9;29,6;27,5;23,8;22,3;75;68;68;123;3,2;,5;
2025/01/04;1900 UTC;0;996,6;997,5;996,5;;30;23;31;29,3;23,7;22,4;69;62;66;117;2,5;1,2;
2025/01/04;2000 UTC;0;995,8;996,6;995,8;;30,5;23,7;31;30;24;23;68;65;67;254;3,2;1,6;
2025/01/04;2100 UTC;3,4;997,5;997,6;995,7;;24,4;21,1;31,1;24,4;24;20,3;82;62;82;41;13,4;5,6;
2025/01/04;2200 UTC;1,6;998,4;998,4;997,5;;24,7;22,5;24,8;24,4;22,6;21,3;88;82;88;48;10,8;2,2;
2025/01/04;2300 UTC;,8;999,6;999,6;998,4;;24,5;22,4;24,7;24,5;22,7;22,4;89;88;88;199;3,5;,4;
2025/01/05;0000 UTC;,6;1000,6;1000,6;999,6;;24,6;22,6;24,6;24,5;22,6;22,4;89;88;88;217;1,6;0;
2025/01/05;0100 UTC;0;1001;1001;1000,6;;24,6;22,7;24,7;24,5;22,8;22,6;89;89;89;47;,9;0;
2025/01/05;0200 UTC;3,6;1001,6;1001,7;1001;;24,5;22,6;24,8;24,4;22,9;22,5;89;89;89;62;3,9;2,2;
2025/01/05;0300 UTC;2,6;1001,1;1001,6;1001,1;;24,2;22,4;24,5;24,2;22,6;22,4;90;89;89;168;3,9;,5;
2025/01/05;0400 UTC;1;1000,7;1001,1;1000,6;;24,2;22,4;24,3;24,1;22,5;22,3;90;89;90;258;1,5;,3;
2025/01/05;0500 UTC;,2;1000,2;1000,7;1000,2;;24,2;22,4;24,2;24;22,4;22,2;90;90;90;220;1,3;,3;
2025/01/05;0600 UTC;,2;999,7;1000,2;999,7;;23,8;22;24,2;23,8;22,4;22;90;90;90;271;2;1;
2025/01/05;0700 UTC;0;999,5;999,7;999,4;;23,7;22;23,9;23,7;22,1;22;90;90;90;256;2;,1;
2025/01/05;0800 UTC;0;999,8;999,9;999,5;;23,8;22,1;23,9;23,7;22,2;21,9;90;90;90;268;1,2;,3;
2025/01/05;0900 UTC;0;1000,5;1000,5;999,8;;23,7;22;23,8;23,7;22,1;21,9;90;90;90;173;1,4;,2;
2025/01/05;1000 UTC;,2;1000,8;1000,8;1000,5;;23,8;22,1;23,8;23,7;22,1;22;90;90;90;217;1,5;,6;
2025/01/05;1100 UTC;0;1001,6;1001,6;1000,8;;24,3;22,5;24,4;23,8;22,7;22,1;90;90;90;225;2;,9;
2025/01/05;1200 UTC;0;1002,2;1002,2;1001,6;;25,1;22,8;25,1;24,3;23,2;22,5;90;87;87;258;1,9;,5;
2025/01/05;1300 UTC;1,2;1002,6;1002,6;1002,2;;26,2;23,4;26,3;24,8;23,8;22,5;88;85;85;45;1,8;,5;
2025/01/05;1400 UTC;0;1002,3;1002,6;1002,3;;27,5;23,3;27,5;25,9;23,7;22,7;85;77;78;51;1,8;,2;
2025/01/05;1500 UTC;,2;1001,5;1002,3;1001,5;;28,8;22,9;29,7;27;24,9;22,5;79;69;71;117;3,8;1,1;
2025/01/05;1600 UTC;0;1000,4;1001,5;1000,4;;29,7;23,8;29,7;28,4;23,8;22,4;73;69;71;167;3,8;,9;
2025/01/05;1700 UTC;0;999,2;1000,4;999,2;;29,4;23,7;30,6;29,4;24,4;21,7;72;61;71;191;5,9;2,8;
2025/01/05;1800 UTC;5,2;998,4;999,2;998,4;;26,7;24,1;29,4;26;24,2;22,8;86;71;85;167;5,9;2,3;
2025/01/05;1900 UTC;,4;998,3;998,4;997,9;;27,2;23,5;28,8;26,8;24,5;23,4;86;74;80;125;4,5;1,4;
2025/01/05;2000 UTC;,2;998,8;998,9;998,2;;25;21,4;27,3;24,9;24;21,1;83;77;81;20;7,8;1,6;
2025/01/05;2100 UTC;0;999,4;999,4;998,6;;25,1;21,8;25,3;25;21,9;21,3;82;80;82;16;3,8;,9;
2025/01/05;2200 UTC;0;1000;1000,1;999,4;;24,7;22,2;25,2;24,7;22,3;21,7;86;82;86;265;2,2;1,1;
2025/01/05;2300 UTC;0;1000,8;1000,8;1000;;24,5;22,3;24,7;24,4;22,4;22,2;88;86;88;259;2,6;1,1;
2025/01/06;0000 UTC;0;1001,3;1001,3;1000,7;;24,4;22,1;24,5;24,4;22,4;22,1;88;87;87;297;2,6;1,2;
2025/01/06;0100 UTC;0;1001,8;1001,9;1001,4;;24,3;21,9;24,4;24,3;22,1;21,9;87;87;87;256;1,9;,3;
2025/01/06;0200 UTC;0;1002,3;1002,3;1001,8;;24,4;22,2;24,4;24,2;22,2;21,9;88;87;88;45;1,7;,3;
2025/01/06;0300 UTC;1,6;1002,1;1003;1002,1;;22,6;20,5;24,4;22,5;22,3;20,2;88;85;88;79;9,9;,6;
2025/01/06;0400 UTC;0;1001,4;1002,2;1001,4;;22,7;20,8;22,8;22,6;20,8;20,5;89;88;89;290;1,8;0;
2025/01/06;0500 UTC;0;1000,8;1001,4;1000,7;;22,8;21;22,9;22,6;21,1;20,8;90;89;90;198;0;0;
2025/01/06;0600 UTC;0;1000,4;1000,9;1000,4;;22,7;21;22,8;22,7;21,1;20,9;90;90;90;52;0;0;
2025/01/06;0700 UTC;0;1000,2;1000,4;1000;;22,8;21;22,8;22,7;21;20,9;90;90;90;40;2,1;1,2;
2025/01/06;0800 UTC;1,8;1000,4;1001,1;1000,2;;22,8;21,1;23;22,8;21,2;21;90;90;90;26;3,5;,5;
2025/01/06;0900 UTC;2,2;1000,4;1000,4;999,9;;22,9;21,2;23;22,8;21,2;21,1;90;90;90;230;3,3;,1;
2025/01/06;1000 UTC;0;1000,9;1000,9;1000,4;;23;21,4;23,1;22,9;21,4;21,2;90;90;90;9;1,2;,1;
2025/01/06;1100 UTC;0;1002;1002;1000,9;;23,5;21,8;23,6;23;21,9;21,3;90;90;90;110;1,3;0;
2025/01/06;1200 UTC;0;1002,7;1002,7;1001,9;;24,6;22,2;24,8;23,5;22,7;21,8;90;87;87;125;1,1;,1;
2025/01/06;1300 UTC;0;1003,3;1003,3;1002,7;;25,8;22,1;26,1;24,6;22,8;22;87;80;80;69;1,3;,3;
2025/01/06;1400 UTC;0;1003,2;1003,5;1003,2;;27,4;22,5;27,4;25,8;22,9;21,7;81;74;74;48;3,2;,9;
2025/01/06;1500 UTC;0;1002,8;1003,2;1002,8;;28,1;22,5;28,2;27,4;23,1;21,8;76;70;72;71;4,1;1,4;
2025/01/06;1600 UTC;0;1001,9;1002,8;1001,9;;28,9;23;28,9;27,8;23;21,6;72;69;70;107;3,5;,8;
2025/01/06;1700 UTC;0;1000,1;1001,9;1000,1;;30,8;23,5;30,8;28,8;23,6;22;70;64;65;30;4,4;1,7;
2025/01/06;1800 UTC;0;998,7;1000,1;998,7;;30,3;22,1;30,8;29,5;23;21,9;66;60;62;32;5,7;2,2;
2025/01/06;1900 UTC;0;998;998,7;998;;31,1;21,8;31,3;30,3;22,7;21,2;63;57;58;31;6;2,1;
2025/01/06;2000 UTC;0;997,9;998;997,6;;30,9;21,6;31,5;30,6;22,2;20,8;59;55;58;47;5,7;1,8;
2025/01/06;2100 UTC;0;998,1;998,1;997,9;;29,6;21,2;31,1;29,6;21,7;20,5;60;55;60;40;4,7;1,8;
2025/01/06;2200 UTC;0;999;999;998,1;;28;21,8;29,6;28;21,9;21,1;69;60;69;39;3,6;,4;
2025/01/06;2300 UTC;0;1000,6;1000,6;999;;27,1;22;28,1;27,1;22,2;21,8;74;69;74;32;5,8;1,9;
2025/01/07;0000 UTC;0;1001,1;1001,1;1000,6;;26,5;22;27,1;26,5;22;21,9;77;74;77;41;3,9;1,6;
2025/01/07;0100 UTC;0;1002,2;1002,2;1001,2;;25,7;22;26,5;25,7;22,2;22;80;77;80;31;3,2;,7;
2025/01/07;0200 UTC;0;1002,6;1002,6;1002,2;;25,8;22,1;26,1;25,7;22,3;22;81;79;80;28;6,4;3,3;
2025/01/07;0300 UTC;0;1002,8;1002,8;1002,6;;25;21,5;25,8;25;22,2;21,5;81;80;81;52;6,4;2,8;
2025/01/07;0400 UTC;1;1002,3;1002,9;1002,3;;23,9;21,6;25;23,9;21,6;21,4;87;81;87;38;6,9;3,1;
2025/01/07;0500 UTC;2,6;1001,3;1002,3;1001,3;;23,4;21,3;23,9;23,3;21,6;21,2;88;87;88;50;6,9;1,3;
2025/01/07;0600 UTC;1,2;1000,5;1001,3;1000,4;;23,1;21,2;23,4;23;21,3;21;89;88;89;147;2,7;0;
2025/01/07;0700 UTC;,6;1000,3;1000,5;1000,2;;23;21,2;23,1;23;21,2;21,1;89;89;89;229;,7;,2;
2025/01/07;0800 UTC;,2;1000,3;1000,3;1000,2;;23;21,2;23;22,9;21,2;21;90;89;89;325;1,6;,7;
2025/01/07;0900 UTC;,2;1000,6;1000,6;1000,3;;22,9;21,1;23,1;22,9;21,3;21,1;90;89;90;283;2,2;,8;
2025/01/07;1000 UTC;0;1001,4;1001,4;1000,6;;23,1;21,4;23,1;22,9;21,4;21,1;90;90;90;113;2,2;,9;
2025/01/07;1100 UTC;0;1002,5;1002,5;1001,4;;23,6;21,9;23,7;23,1;21,9;21,4;90;90;90;108;2,3;1,3;
2025/01/07;1200 UTC;0;1003,1;1003,1;1002,5;;24,3;22,3;24,3;23,5;22,3;21,7;90;88;89;121;3;,5;
2025/01/07;1300 UTC;0;1003,7;1003,8;1003,1;;25;22,3;25,1;24,2;22,6;21,9;89;85;85;4;1,9;,1;
2025/01/07;1400 UTC;,2;1003,7;1004;1003,7;;26,2;23,1;26,2;24,7;23,1;22;86;82;83;104;1,4;,4;
2025/01/07;1500 UTC;0;1003,3;1003,7;1003,3;;27,6;21,8;27,9;26,2;23,3;21,6;83;70;71;101;5,2;2,5;
2025/01/07;1600 UTC;0;1002,3;1003,3;1002,3;;27,8;21,1;29,1;27,5;22,3;20,5;73;62;67;74;8,8;4,5;
2025/01/07;1700 UTC;0;1000,8;1002,3;1000,8;;28,9;20,7;29,7;27,6;22;20,1;69;59;61;78;7,7;3,4;
2025/01/07;1800 UTC;0;999,5;1000,8;999,5;;28,8;21,1;29,3;28,6;21,6;20,1;65;60;63;68;5,5;2,3;
2025/01/07;1900 UTC;0;998,8;999,5;998,8;;28,4;20,2;29,1;28,4;21,7;20,2;66;61;61;71;4,2;2,2;
2025/01/07;2000 UTC;0;998,1;998,8;998,1;;28,6;21;28,7;28;21,5;20;66;61;63;39;4,2;1,9;
2025/01/07;2100 UTC;0;998,3;998,3;998,1;;27,7;21,2;28,8;27,7;21,2;20,3;68;62;68;21;3,7;1,2;
2025/01/07;2200 UTC;0;999,5;999,5;998,3;;26,5;21,5;27,7;26,5;21,5;21;74;68;74;31;3;1,2;
2025/01/07;2300 UTC;0;1000,2;1000,2;999,5;;25,9;21,8;26,5;25,9;21,8;21,4;78;74;78;33;2,5;,3;
2025/01/08;0000 UTC;0;1001,1;1001,1;1000,2;;25,4;21,8;26;25,4;21,9;21,7;80;78;80;23;1,7;0;
2025/01/08;0100 UTC;0;1001,7;1001,7;1001,1;;24,9;22;25,4;24,9;22;21,8;84;80;84;30;1,5;,8;
2025/01/08;0200 UTC;0;1001,7;1001,8;1001,7;;24,5;22,1;24,9;24,5;22,2;21,9;86;84;86;114;1,5;0;
2025/01/08;0300 UTC;0;1001,6;1001,8;1001,6;;24,6;22,3;24,7;24,5;22,3;22,1;87;86;87;47;,7;0;
2025/01/08;0400 UTC;,2;1001,3;1001,6;1001,3;;24,6;22,4;24,6;24,5;22,4;22,2;88;87;88;331;,9;0;
2025/01/08;0500 UTC;,4;1000,8;1001,3;1000,8;;24,3;22,2;24,6;24,2;22,4;22,2;89;88;88;15;1,4;,2;
2025/01/08;0600 UTC;0;1000,1;1000,8;1000,1;;24,2;22,2;24,3;24,2;22,3;22,1;88;88;88;97;1,3;,6;
2025/01/08;0700 UTC;0;999,7;1000,1;999,6;;24,1;22,1;24,2;24,1;22,2;22;89;88;89;203;1,2;0;
2025/01/08;0800 UTC;0;1000,2;1000,2;999,7;;24,2;22,2;24,3;24,1;22,3;22,1;89;89;89;236;0;0;
2025/01/08;0900 UTC;0;1000,6;1000,6;1000,2;;24,1;22;24,2;24,1;22,3;22;89;88;88;58;1,1;0;
2025/01/08;1000 UTC;,2;1001,6;1001,6;1000,6;;24,3;22,4;24,3;24,1;22,4;21,9;89;87;89;225;0;0;
2025/01/08;1100 UTC;1;1002,4;1002,4;1001,6;;24,5;22,3;24,7;24,3;22,7;22,2;89;87;87;68;1,8;,5;
2025/01/08;1200 UTC;,4;1002,8;1002,8;1002,3;;25,9;22,8;26,1;24,3;23,3;22;88;83;83;67;2,4;1,3;
2025/01/08;1300 UTC;,2;1003,2;1003,2;1002,8;;27,1;23,1;27,3;26;23,7;22,5;84;78;79;35;3,8;1,6;
2025/01/08;1400 UTC;0;1003;1003,3;1003;;27,9;23;27,9;27,1;23,4;22,4;79;73;75;80;3,6;1,5;
2025/01/08;1500 UTC;0;1002,2;1003;1002,2;;29,8;23,5;29,8;27,6;23,7;22;75;67;69;10;4,5;1,4;
2025/01/08;1600 UTC;0;1000,8;1002,2;1000,8;;29,6;23,2;30;29,1;23,5;22,1;69;65;68;20;3,6;1,5;
2025/01/08;1700 UTC;0;999,2;1000,8;999,2;;31;22,3;31,1;29,1;23,8;21,6;69;58;60;28;5,9;1,7;
2025/01/08;1800 UTC;0;998,2;999,2;998,1;;29,6;22,7;31,4;29,6;23,1;21,3;67;57;67;150;6,1;2;
2025/01/08;1900 UTC;0;997,2;998,2;997,2;;29;23,6;29,6;27,5;23,6;21,8;74;65;73;216;4,4;,4;
2025/01/08;2000 UTC;0;997,1;997,2;996,9;;30,3;21,5;30,8;29;23,4;21,5;73;59;60;171;1,6;,2;
2025/01/08;2100 UTC;0;997,8;997,8;997,1;;29,6;22,3;30,7;29,6;22,4;21,5;65;60;65;309;1,3;,2;
2025/01/08;2200 UTC;0;998,9;998,9;997,8;;27,9;23,5;29,6;27,9;23,5;22,4;77;65;77;270;1,5;0;
2025/01/08;2300 UTC;0;999,7;999,7;998,9;;27,3;23,4;27,9;27,2;23,7;23,4;80;77;79;38;1,6;0;
2025/01/09;0000 UTC;0;999,9;999,9;999,6;;26,7;22,3;27,5;26,7;23,5;22,3;80;77;77;20;4;,3;
2025/01/09;0100 UTC;0;1000,4;1000,4;999,9;;26,2;22,3;26,7;26,2;22,6;22,2;80;77;79;359;2,4;,8;
2025/01/09;0200 UTC;0;1000,8;1000,8;1000,4;;26;22,7;26,2;25,9;22,7;22,3;82;79;82;62;2,3;,2;
2025/01/09;0300 UTC;0;1000,8;1000,8;1000,6;;25,8;22,9;26;25,7;23;22,6;85;82;84;10;1,1;,2;
2025/01/09;0400 UTC;0;1000,4;1000,8;1000,4;;25,4;22,7;25,8;25,4;22,9;22,7;85;83;85;49;2,4;1;
2025/01/09;0500 UTC;0;999,8;1000,4;999,8;;25,1;22,5;25,4;25,1;22,7;22,4;85;85;85;63;2,4;,5;
2025/01/09;0600 UTC;0;999,3;999,8;999,3;;24,7;22,4;25,2;24,6;22,5;22,3;87;85;87;4;3,1;,2;
2025/01/09;0700 UTC;0;999,2;999,3;999,2;;24,5;22,3;24,7;24,5;22,5;22,2;88;87;88;2;1,7;,3;
2025/01/09;0800 UTC;0;999,1;999,2;999,1;;24,3;22,2;24,5;24,3;22,3;22,2;88;88;88;271;1,7;,1;
2025/01/09;0900 UTC;0;999,7;999,7;999,1;;24,2;22,2;24,3;24,2;22,3;22,2;89;88;89;286;,6;0;
2025/01/09;1000 UTC;0;1000,8;1000,8;999,7;;24,1;22,1;24,2;24;22,2;22;89;88;89;283;1,5;,7;
2025/01/09;1100 UTC;0;1001,3;1001,3;1000,8;;25,2;22,7;25,3;24,1;23,2;22,1;89;86;86;301;1,8;,5;
2025/01/09;1200 UTC;0;1001,5;1001,6;1001,3;;26,4;22,7;26,4;25,2;23;22,5;86;80;80;36;2,3;1,2;
2025/01/09;1300 UTC;0;1002;1002;1001,5;;26,4;22,9;26,5;26;23;22,4;82;80;81;37;3,6;1,7;
2025/01/09;1400 UTC;0;1001,8;1002,1;1001,8;;27,4;22,7;28;26,4;23,6;22,3;81;74;76;34;3,6;1,8;
2025/01/09;1500 UTC;2;1001,1;1001,9;1001,1;;28,1;23,4;28,1;26;23,9;22,1;84;75;76;59;5,3;1,1;
2025/01/09;1600 UTC;,8;999,8;1001,1;999,8;;26,7;22,1;29,2;26,6;24;21,8;77;70;76;55;7,3;3,3;
2025/01/09;1700 UTC;,2;998;999,8;998;;31,3;23,5;31,3;26,4;24,4;21,7;79;63;63;44;5,3;1;
2025/01/09;1800 UTC;0;996,9;998,1;996,9;;29,2;22,7;31,3;29,2;23,1;22,1;68;61;68;92;4,9;1,7;
2025/01/09;1900 UTC;0;996,6;996,9;996,6;;28,6;23,6;29,5;28,6;24;22,9;74;68;74;206;3,5;2,1;
2025/01/09;2000 UTC;0;997;997;996,5;;27,8;23,8;28,6;27,8;24,1;23,6;80;74;79;239;4;1,5;
2025/01/09;2100 UTC;0;997,5;997,6;997;;27,2;23,4;27,7;27,2;23,9;23,4;80;78;80;235;3,2;1,3;
2025/01/09;2200 UTC;0;998,4;998,4;997,6;;26,3;23,3;27,2;26,3;23,6;23,2;83;80;83;242;2,2;,4;
2025/01/09;2300 UTC;0;999,4;999,4;998,4;;26;23;26,3;26;23,3;23;84;83;84;263;2;0;
2025/01/10;0000 UTC;,2;1000,2;1000,5;999,4;;23,3;20,4;26,1;23,3;23,1;19,7;84;76;84;221;8,1;1,1;
2025/01/10;0100 UTC;,2;1000,6;1000,6;1000,2;;23,1;20,8;23,5;23,1;20,9;20,4;87;84;87;212;2,2;,3;
2025/01/10;0200 UTC;0;1001,1;1001,2;1000,6;;23,3;21;23,3;23,1;21,1;20,8;88;87;87;62;2,6;1,4;
2025/01/10;0300 UTC;,4;1001;1001,2;1001;;23,6;21,4;23,7;23,3;21,5;21;88;87;88;179;2,3;,8;
2025/01/10;0400 UTC;3,8;1000,6;1001;1000,6;;23,6;21,7;23,7;23,5;21,7;21,3;89;88;89;191;2,6;1,7;
2025/01/10;0500 UTC;6;999,8;1000,6;999,8;;23,4;21,6;23,6;23,2;21,6;21,3;89;89;89;197;2,8;,3;
2025/01/10;0600 UTC;,2;999,4;999,8;999,4;;23,5;21,7;23,6;23,4;21,8;21,5;90;89;90;57;1,6;1,1;
2025/01/10;0700 UTC;,4;999,5;999,6;999,3;;23,5;21,7;23,6;23,5;21,8;21,7;90;90;90;167;1,6;,2;
2025/01/10;0800 UTC;,2;999,6;999,7;999,5;;23,5;21,7;23,6;23,4;21,8;21,7;90;90;90;190;1,4;,4;
2025/01/10;0900 UTC;0;999,8;999,8;999,5;;23,5;21,8;23,6;23,4;21,8;21,7;90;90;90;261;1,4;,1;
2025/01/10;1000 UTC;0;1000,3;1000,3;999,7;;23,6;21,8;23,7;23,4;21,9;21,7;90;90;90;16;1,2;,3;
2025/01/10;1100 UTC;0;1001,2;1001,2;1000,3;;24,2;22,4;24,2;23,6;22,4;21,9;90;90;90;160;1,3;0;
2025/01/10;1200 UTC;0;1001,9;1001,9;1001,2;;25;23;25,1;24,2;23,1;22,4;90;88;88;46;1,9;,2;
2025/01/10;1300 UTC;0;1002,2;1002,2;1001,9;;26,9;23;26,9;25,1;23,5;22,7;88;79;79;31;2,7;,3;
2025/01/10;1400 UTC;0;1001,9;1002,2;1001,9;;28,1;23,2;28,2;26,8;23,5;22,2;79;71;75;108;3,1;,4;
2025/01/10;1500 UTC;0;1001,3;1001,9;1001,3;;28,4;22,3;29,7;28,1;23,7;22;75;66;69;53;5,1;2;
2025/01/10;1600 UTC;0;1000,2;1001,3;1000,2;;30,6;22,1;31,2;28,3;23,7;21,8;72;59;61;67;7;4,2;
2025/01/10;1700 UTC;0;999,2;1000,2;999,2;;30;21,4;31,2;29,8;23,1;21,4;64;58;60;75;7,1;4;
2025/01/10;1800 UTC;0;998;999,2;998;;31,1;21,3;31,5;29,9;22,2;21,1;63;56;56;78;8,3;4,6;
2025/01/10;1900 UTC;0;997,5;998;997,5;;30,6;21,4;31,4;30,6;22,4;21,3;60;56;58;61;7,8;4;
2025/01/10;2000 UTC;0;997,4;997,5;997,3;;29,6;22;30,6;29,6;22,1;21,1;64;58;64;67;6,5;3,3;
2025/01/10;2100 UTC;0;997,5;997,5;997,3;;28,6;22,3;29,7;28,6;22,4;22;69;64;69;86;4,9;1,9;
2025/01/10;2200 UTC;0;998,8;998,8;997,5;;28,1;22,5;28,6;28;22,7;22,3;73;69;72;88;2,8;,6;
2025/01/10;2300 UTC;0;999,4;999,4;998,8;;26,9;23,1;28,1;26,9;23,3;22,5;80;72;80;99;1,1;0;
2025/01/11;0000 UTC;0;1000;1000;999,4;;26,3;23,1;26,9;26,3;23,3;23,1;83;80;83;231;,3;0;
2025/01/11;0100 UTC;0;1000,4;1000,5;1000;;25,6;23,1;26,2;25,5;23,2;22,9;86;83;86;248;1,2;0;
2025/01/11;0200 UTC;0;1000,4;1000,5;1000,2;;25,2;23;25,7;25,1;23,2;22,9;88;86;88;231;,9;0;
2025/01/11;0300 UTC;0;1000,3;1000,6;1000,3;;24,8;22,8;25,2;24,7;23,1;22,7;88;88;88;239;1,3;,9;
2025/01/11;0400 UTC;0;1000,7;1000,7;1000,1;;25;23;25;24,6;23,1;22,6;89;88;89;3;1,7;,9;
2025/01/11;0500 UTC;0;999,6;1000,8;999,6;;25,3;23,1;25,3;25;23,2;23;89;88;88;13;1,9;,4;
2025/01/11;0600 UTC;5,8;999,6;999,8;999,6;;24,5;22,5;25,3;24,4;23,1;22,5;89;88;89;45;4,1;1,6;
2025/01/11;0700 UTC;2,4;999,1;999,9;999,1;;24,5;22,6;24,5;24,5;22,6;22,5;89;89;89;52;3,4;1,3;
2025/01/11;0800 UTC;,2;999,7;999,8;999,1;;24,4;22,6;24,6;24,4;22,7;22,6;89;89;89;41;2,4;,6;
2025/01/11;0900 UTC;,2;1000,4;1000,4;999,7;;24,3;22,4;24,6;24,3;22,7;22,4;89;89;89;313;2,5;1,1;
2025/01/11;1000 UTC;0;1001;1001;1000,4;;24,2;22,3;24,3;24;22,4;22,1;89;89;89;96;2,5;0;
2025/01/11;1100 UTC;,2;1002,1;1002,1;1001;;24,7;22,7;24,7;24,1;22,8;22,2;89;89;89;36;1,1;,1;
2025/01/11;1200 UTC;0;1002,8;1002,8;1002,1;;25,8;23,1;25,9;24,7;23,2;22,6;89;85;85;53;2,1;,9;
2025/01/11;1300 UTC;0;1003,1;1003,1;1002,8;;27;23,2;27;25,7;23,4;22,5;85;80;80;45;3,5;1,2;
2025/01/11;1400 UTC;0;1003,3;1003,4;1003,1;;28,2;23,1;28,4;26,8;23,6;22,7;80;74;74;46;4,8;2,6;
2025/01/11;1500 UTC;0;1002,7;1003,3;1002,7;;29;23;29,2;28;23,6;22,5;75;70;70;33;5,2;2,9;
2025/01/11;1600 UTC;0;1001,6;1002,7;1001,6;;30,4;23,7;30,4;29;23,9;22,3;70;64;68;53;5,2;1,6;
2025/01/11;1700 UTC;0;1000,3;1001,6;1000,3;;29,6;21,3;30,9;29,6;23,6;21,3;68;60;61;59;4,7;1,6;
2025/01/11;1800 UTC;2;1000,2;1000,3;999,5;;23,8;20,7;30,3;23,8;24;19,9;83;61;83;78;9,9;6,2;
2025/01/11;1900 UTC;4;998,7;1000,3;998,7;;23,4;21;23,8;23,2;21,2;20,6;87;83;86;219;9,9;1,9;
2025/01/11;2000 UTC;0;998,7;998,8;998,6;;24,6;21,8;24,6;23,4;21,8;21,1;87;84;84;243;3,5;,2;
2025/01/11;2100 UTC;0;998,8;998,8;998,4;;24,7;21,8;24,9;24,6;22,1;21,5;85;83;84;248;1,9;,9;
2025/01/11;2200 UTC;0;999,5;999,6;998,8;;24,3;21,7;24,7;24,3;21,9;21,6;85;84;85;345;2,9;,2;
2025/01/11;2300 UTC;0;1000,3;1000,3;999,4;;24,4;22;24,4;24,2;22,1;21,6;87;85;87;1;1;0;
2025/01/12;0000 UTC;0;1001;1001;1000,3;;24,2;21,9;24,4;24,1;22;21,8;88;87;87;27;5,3;,3;
2025/01/12;0100 UTC;0;1001,3;1001,3;1001;;24,2;21,8;24,3;24,2;21,9;21,8;87;87;87;50;3;1,3;
2025/01/12;0200 UTC;0;1001,6;1001,7;1001,3;;23,9;21,8;24,2;23,9;21,9;21,8;88;87;88;219;2,6;,4;
2025/01/12;0300 UTC;0;1001,6;1001,6;1001,4;;23,6;21,7;23,9;23,6;21,8;21,7;89;88;89;215;1,1;,7;
2025/01/12;0400 UTC;0;1001,1;1001,6;1001,1;;23,4;21,6;23,6;23,4;21,7;21,6;89;89;89;213;1,2;,5;
2025/01/12;0500 UTC;0;1001,2;1001,3;1001,1;;23,2;21,4;23,4;23,2;21,6;21,4;90;89;90;231;1,4;,4;
2025/01/12;0600 UTC;0;1000,8;1001,2;1000,8;;23,1;21,3;23,2;23;21,4;21,2;90;90;90;214;2,3;,3;
2025/01/12;0700 UTC;0;1000,5;1000,8;1000,4;;23,3;21,5;23,4;23;21,6;21,2;90;90;90;254;1,8;,3;
2025/01/12;0800 UTC;0;1000;1000,5;1000;;23,7;21,9;23,7;23,3;21,9;21,5;90;89;89;316;1,5;0;
2025/01/12;0900 UTC;0;1000,3;1000,3;1000;;23,7;21,9;23,8;23,6;21,9;21,8;89;89;89;245;,6;0;
2025/01/12;1000 UTC;0;1001;1001;1000,3;;23,9;22;23,9;23,7;22,1;21,9;89;89;89;61;,8;,1;
2025/01/12;1100 UTC;0;1001,8;1001,8;1001;;25;22,9;25;23,9;23;22;89;89;89;309;,8;0;
2025/01/12;1200 UTC;0;1002,4;1002,4;1001,8;;26,2;23,1;26,3;24,8;23,3;22,6;89;83;83;25;3;1,3;
2025/01/12;1300 UTC;0;1002,9;1003;1002,4;;26,9;22,7;28;25,9;24,3;22,5;83;77;78;34;5,4;2;
2025/01/12;1400 UTC;,6;1003;1003;1002,8;;28;23,3;28,1;26,2;23,9;22,6;83;76;76;46;4,3;2,2;
2025/01/12;1500 UTC;0;1002,4;1003;1002,4;;28,4;23,1;28,8;27,7;23,4;22,4;76;71;73;28;4,9;1,7;
2025/01/12;1600 UTC;0;1001;1002,4;1001;;29,3;23,1;29,3;28,3;23,4;22,5;74;68;69;21;3,6;1,4;
2025/01/12;1700 UTC;0;999,8;1001;999,8;;29,5;22,1;29,9;29;23,3;21,8;70;63;64;70;4,2;2,4;
2025/01/12;1800 UTC;0;998,4;999,8;998,4;;30,2;22,1;30,3;29,4;22,8;21,5;65;61;62;29;4,9;1,1;
2025/01/12;1900 UTC;0;997,6;998,4;997,6;;30,1;22,3;30,4;29,7;22,7;21,5;64;60;63;22;2,9;1,2;
2025/01/12;2000 UTC;0;997,3;997,6;997,2;;30,1;21,1;30,4;29,8;22,8;21,1;65;59;59;22;4,4;2;
2025/01/12;2100 UTC;0;998,3;998,3;997,3;;27,8;22;30,1;27,8;22,2;20,8;71;58;71;24;7,5;3,2;
2025/01/12;2200 UTC;0;999,2;999,2;998,3;;26,8;21,9;27,8;26,8;22,3;21,8;74;71;74;40;7;2;
2025/01/12;2300 UTC;0;1000,1;1000,1;999,2;;26,3;22,1;26,8;26,3;22,2;21,9;78;74;78;51;3,8;1,9;
2025/01/13;0000 UTC;0;1000,6;1000,6;1000;;25,9;21,8;26,5;25,9;22,1;21,7;78;76;78;30;6,5;2,2;
2025/01/13;0100 UTC;0;1000,7;1000,8;1000,6;;24,9;21,4;25,9;24,9;21,8;21,4;81;78;81;34;4,9;1,3;
2025/01/13;0200 UTC;0;1000,4;1000,7;1000,3;;24,3;21,4;24,9;24,3;21,5;21,4;84;81;84;22;3;,8;
2025/01/13;0300 UTC;0;1000,8;1000,9;1000,4;;24,1;21,3;24,3;24,1;21,5;21,3;85;84;85;348;2,2;,8;
2025/01/13;0400 UTC;0;1000,3;1000,9;1000,3;;23,9;21,5;24,1;23,9;21,5;21,2;86;84;86;277;1,9;,1;
2025/01/13;0500 UTC;0;999,6;1000,3;999,5;;23,9;21,3;24;23,8;21,5;21,3;86;86;86;22;1,4;,2;
2025/01/13;0600 UTC;0;999,2;999,6;999,1;;23,7;21,2;23,9;23,7;21,4;21,1;86;85;86;294;1,2;,2;
2025/01/13;0700 UTC;0;998,8;999,2;998,8;;23,6;21,2;23,7;23,5;21,3;21,2;87;86;87;287;1,1;,2;
2025/01/13;0800 UTC;0;999,1;999,2;998,7;;23,5;21,4;23,6;23,5;21,5;21,2;88;87;88;233;1;,4;
2025/01/13;0900 UTC;0;999,3;999,4;999,1;;23,5;21,5;23,6;23,4;21,5;21,3;88;88;88;62;1;0;
2025/01/13;1000 UTC;0;999,9;999,9;999,3;;23,8;21,6;23,8;23,5;21,6;21,5;88;88;88;43;,8;,1;
2025/01/13;1100 UTC;0;1000,9;1000,9;999,9;;24,6;22;24,6;23,7;22;21,6;88;86;86;18;2,5;,9;
2025/01/13;1200 UTC;,2;1001,4;1001,4;1000,9;;24,4;22,2;24,6;24,4;22,3;21,9;87;86;87;25;2,9;1,1;
2025/01/13;1300 UTC;2,8;1001,8;1001,8;1001,4;;24,8;22,5;24,8;24,2;22,7;22,1;89;87;87;35;4,6;1,7;
2025/01/13;1400 UTC;0;1001,5;1001,8;1001,4;;27,5;22,9;27,8;24,7;24;22,5;88;75;76;29;6;3,1;
2025/01/13;1500 UTC;0;1000,7;1001,6;1000,7;;29,4;22,8;29,9;27;23,9;22,4;78;66;68;27;7,8;3;
2025/01/13;1600 UTC;0;999,6;1000,7;999,6;;28,9;22,7;30,4;28,1;24;22,1;73;64;69;18;6,1;1;
2025/01/13;1700 UTC;2,6;998,6;999,7;998,5;;28,7;23,7;28,9;25,1;24,5;20,3;83;69;74;289;14;,2;
2025/01/13;1800 UTC;7,8;997,9;998,6;997,9;;25,3;22,8;30,1;25,3;25;22,5;86;68;86;269;5,4;2;
2025/01/13;1900 UTC;7,6;998,1;998,2;997,4;;24,3;22;25,4;24,3;22,9;22;88;84;87;302;7,2;2,7;
2025/01/13;2000 UTC;13,6;998,5;998,5;997,9;;23,5;21,5;24,3;23,4;21,9;21,5;89;87;89;358;7,2;1,6;
2025/01/13;2100 UTC;4,2;998,7;998,8;998,5;;23,3;21,5;23,5;23,3;21,6;21,3;89;88;89;236;4,1;1,4;
2025/01/13;2200 UTC;2,8;999,5;999,6;998,7;;23,4;21,5;23,5;23,3;21,6;21,4;89;89;89;254;2,1;,5;
2025/01/13;2300 UTC;,2;1000,2;1000,3;999,4;;23,5;21,7;23,5;23,4;21,7;21,5;89;89;89;201;2,2;,1;
2025/01/14;0000 UTC;0;1001,5;1001,5;1000,2;;23,7;21,8;23,7;23,4;21,9;21,5;90;89;89;7;1,3;0;
2025/01/14;0100 UTC;2,8;1002,6;1002,6;1001,5;;23,5;21,6;23,8;23,5;22;21,6;90;89;89;341;6,5;2,6;
2025/01/14;0200 UTC;9,4;1002,4;1002,8;1002,4;;22,9;21;23,5;22,8;21,6;21;90;89;90;96;6,6;,2;
2025/01/14;0300 UTC;2,4;1001,8;1002,4;1001,8;;22,8;21;23;22,7;21,2;20,9;90;90;90;20;2;,4;
2025/01/14;0400 UTC;0;1001,1;1001,8;1001,1;;22,8;21;22,9;22,7;21,1;20,9;90;90;90;154;2,2;,9;
2025/01/14;0500 UTC;0;1000,4;1001,2;1000,4;;22,7;21;22,8;22,7;21,1;20,9;90;90;90;259;1,9;,7;
2025/01/14;0600 UTC;,2;999,6;1000,4;999,6;;22,7;20,9;22,7;22,6;21;20,9;90;90;90;332;1,4;0;
2025/01/14;0700 UTC;0;998,9;999,6;998,9;;22,7;21;22,7;22,6;21;20,9;90;90;90;45;2,4;1,3;
2025/01/14;0800 UTC;0;999,5;999,5;998,9;;22,7;21;22,7;22,6;21;20,9;90;90;90;218;2,4;,3;
2025/01/14;0900 UTC;0;1000,2;1000,2;999,5;;22,6;20,9;22,7;22,6;21;20,8;90;90;90;253;1,5;0;
2025/01/14;1000 UTC;0;1001;1001;1000,2;;22,7;21;22,7;22,6;21;20,9;90;90;90;229;1,4;,6;
2025/01/14;1100 UTC;0;1001,9;1001,9;1001;;23,2;21,5;23,2;22,5;21,5;20,9;90;90;90;197;2,7;,2;
2025/01/14;1200 UTC;0;1002,6;1002,6;1001,9;;23,8;22,1;23,8;23,1;22,1;21,4;90;90;90;231;1,7;,2;
2025/01/14;1300 UTC;0;1002,8;1002,9;1002,6;;25,6;23;25,6;23,8;23,1;22,1;90;86;86;31;3;1,5;
2025/01/14;1400 UTC;0;1002,8;1003;1002,7;;26,8;21,9;27;25,5;23,2;21,9;85;75;75;31;5;2,7;
2025/01/14;1500 UTC;0;1002,3;1002,8;1002,3;;28,8;22,4;28,9;26,8;23;21,6;76;66;68;36;5,5;2,5;
2025/01/14;1600 UTC;0;1001,4;1002,3;1001,4;;29,1;21,4;29,4;28,4;22,5;21,2;69;63;63;36;6,4;2,6;
2025/01/14;1700 UTC;0;1000,3;1001,4;1000,3;;30,1;20,6;30,8;28,7;22,4;20,6;66;56;57;50;6,7;3,9;
2025/01/14;1800 UTC;0;999,4;1000,3;999,4;;30,3;21,1;30,7;29,9;21,7;20,5;60;56;58;57;6,6;3,3;
2025/01/14;1900 UTC;0;998,7;999,4;998,7;;29,7;20,2;31,6;29,6;21,2;19,9;58;53;57;24;7;2,2;
2025/01/14;2000 UTC;0;998,6;998,7;998,4;;29;20,7;30,5;29;21,3;20,1;61;54;61;37;6,9;3,2;
2025/01/14;2100 UTC;0;998,8;998,8;998,6;;28,8;21,3;29,3;28,5;21,8;19,8;65;58;64;26;6,9;1,6;
2025/01/14;2200 UTC;0;999,5;999,5;998,7;;27,9;21,6;28,8;27,8;21,7;21,2;69;64;69;351;3;,4;
2025/01/14;2300 UTC;0;1000,1;1000,1;999,5;;26,8;21,9;27,9;26,8;22,3;21,7;76;69;75;33;1,6;,6;
2025/01/15;0000 UTC;0;1001;1001;1000,1;;26,3;21,6;26,8;26,3;22;21,5;75;73;75;28;1,6;,4;
2025/01/15;0100 UTC;0;1001,5;1001,5;1001;;26,1;21,8;26,4;26,1;22,2;21,6;79;75;77;29;1,6;,2;
2025/01/15;0200 UTC;0;1001,6;1001,6;1001,4;;25,7;21,2;26,1;25,7;21,9;21,1;79;75;76;6;2,7;1;
2025/01/15;0300 UTC;0;1001,5;1001,6;1001,4;;24,8;20,9;25,7;24,8;21,2;20,8;79;76;79;53;2,8;,7;
2025/01/15;0400 UTC;0;1000,7;1001,5;1000,7;;24,4;20,7;24,8;24,4;20,9;20,7;80;79;80;57;1,6;,2;
2025/01/15;0500 UTC;0;1000,2;1000,7;1000,2;;23,7;20,9;24,4;23,6;21,3;20,7;85;80;84;304;1,1;,7;
2025/01/15;0600 UTC;0;999,7;1000,2;999,7;;23,1;20,9;23,8;23,1;21;20,8;87;83;87;63;1,1;,1;
2025/01/15;0700 UTC;0;999,5;999,7;999,5;;22,8;20,7;23,1;22,8;20,9;20,7;88;87;88;67;,8;,4;
2025/01/15;0800 UTC;0;999,9;999,9;999,4;;23,1;21;23,1;22,8;21;20,7;88;88;88;303;1,4;0;
2025/01/15;0900 UTC;0;1000,3;1000,3;999,9;;23;21;23,1;22,9;21;20,8;88;88;88;295;1,3;0;
2025/01/15;1000 UTC;0;1001,2;1001,2;1000,3;;23,1;21,1;23,1;23;21,1;20,9;88;88;88;137;,7;0;
2025/01/15;1100 UTC;0;1002,1;1002,1;1001,2;;23,9;21,8;23,9;23,1;21,8;21,1;89;88;88;261;1;,2;
2025/01/15;1200 UTC;0;1002,9;1002,9;1002,1;;25,4;22,1;25,5;24;22,4;21,6;88;82;82;40;1,7;,4;
2025/01/15;1300 UTC;0;1003,4;1003,4;1002,9;;27,8;21,7;28,3;25,4;23,1;21,6;82;69;70;21;4,9;2,3;
2025/01/15;1400 UTC;0;1003,1;1003,4;1003,1;;28,5;21,1;28,8;27,1;22,2;20,9;72;63;64;27;8,2;2,7;
2025/01/15;1500 UTC;0;1002,5;1003,1;1002,5;;29,7;20,5;30,4;28,5;21,7;20,3;65;57;58;359;6,9;1,9;
2025/01/15;1600 UTC;0;1001,6;1002,5;1001,6;;30;21,1;31;29,6;21,7;20,2;60;54;59;41;4,8;2,7;
2025/01/15;1700 UTC;0;1000,4;1001,6;1000,4;;30,4;21,2;30,7;30;21,8;19,9;60;54;58;42;4,8;2,5;
2025/01/15;1800 UTC;,6;999,9;1000,4;999,9;;24,3;20,8;31,5;24,3;21,9;20,1;81;54;81;289;9;5,1;
2025/01/15;1900 UTC;4,8;999,2;1000,1;999,2;;25;21,8;25;23,8;21,9;20,6;86;81;83;3;9;1,1;
2025/01/15;2000 UTC;0;998,6;999,2;998,5;;27,7;21,2;28,2;25;22,5;21,2;83;67;68;319;3,6;1,6;
2025/01/15;2100 UTC;0;999;999;998,6;;27,1;21,9;27,6;27,1;22,1;21,2;74;68;73;310;3,3;,7;
2025/01/15;2200 UTC;0;999,8;999,8;999;;26,5;22,4;27,1;26,5;22,4;21,7;78;73;78;273;1,5;0;
2025/01/15;2300 UTC;0;1000,7;1000,7;999,8;;26,2;22,9;26,5;26,2;22,9;22,4;82;78;82;18;,5;0;
2025/01/16;0000 UTC;0;1001,8;1001,8;1000,7;;25,8;23;26,2;25,8;23,1;22,9;85;82;85;294;1;0;
2025/01/16;0100 UTC;0;1002,4;1002,4;1001,8;;25,9;23,2;25,9;25,7;23,2;23;85;84;85;6;1;0;
2025/01/16;0200 UTC;0;1002,6;1002,6;1002,4;;25,7;23,1;25,9;25,7;23,2;22,9;85;84;85;57;0;0;
2025/01/16;0300 UTC;0;1002,4;1002,8;1002,4;;25,1;22,5;25,7;25,1;23;22,5;86;85;86;51;3,5;1,6;
2025/01/16;0400 UTC;0;1002;1002,4;1002;;24,7;21,7;25,1;24,7;22,5;21,7;86;83;83;25;3,1;1,5;
2025/01/16;0500 UTC;0;1001,6;1002,1;1001,6;;24,4;21,2;24,7;24,4;21,7;21,2;83;83;83;37;3,2;1,4;
2025/01/16;0600 UTC;0;1000,8;1001,6;1000,8;;24;20,8;24,4;24;21,2;20,8;83;82;82;52;4,2;1,6;
2025/01/16;0700 UTC;0;1000,7;1000,8;1000,6;;23,9;21,1;24;23,9;21,1;20,8;84;82;84;40;2,6;1;
2025/01/16;0800 UTC;0;1001,2;1001,2;1000,7;;24;21,4;24;23,9;21,4;21,1;85;84;85;49;2,4;,1;
2025/01/16;0900 UTC;0;1001,9;1001,9;1001,2;;23,9;21,5;24,1;23,9;21,5;21,4;86;85;86;297;1,9;,1;
2025/01/16;1000 UTC;0;1002,2;1002,3;1001,9;;23,8;21,4;24;23,7;21,6;21,3;87;86;86;42;2,2;1,1;
2025/01/16;1100 UTC;0;1003,4;1003,4;1002,2;;24,3;21,3;24,3;23,8;21,5;21,2;87;83;84;50;5;2,6;
2025/01/16;1200 UTC;0;1004;1004;1003,4;;25,4;21,7;25,5;24,3;22,1;21,3;84;79;80;28;4,7;2,2;
2025/01/16;1300 UTC;0;1004,4;1004,4;1004;;25,9;21,6;25,9;25,3;22;21,4;80;77;77;46;5,4;2,6;
2025/01/16;1400 UTC;0;1004,2;1004,4;1004,2;;26,8;21,3;27,1;25,9;22;21,2;77;72;72;57;4,1;2,5;
2025/01/16;1500 UTC;0;1003,6;1004,2;1003,6;;28,1;22,1;28,1;26,7;22,1;21,2;74;69;70;40;4,4;1,9;
2025/01/16;1600 UTC;0;1002,8;1003,6;1002,8;;28,3;21,6;28,5;27,8;22,2;21;70;66;67;19;4,6;1,9;
2025/01/16;1700 UTC;0;1001,6;1002,8;1001,6;;29,7;22,3;29,7;28;22,3;21,2;68;63;65;54;4,2;,5;
2025/01/16;1800 UTC;0;1000,6;1001,6;1000,6;;26,6;22,3;29,9;26,5;23,3;21,5;78;64;77;158;6,7;2,2;
2025/01/16;1900 UTC;0;1000,3;1000,7;1000,3;;26,1;21,8;26,6;25,8;22,5;21,8;79;77;77;228;4,9;,8;
2025/01/16;2000 UTC;0;999,9;1000,3;999,6;;26,4;22,5;26,5;25,9;22,6;21,7;80;77;79;345;3,1;,4;
2025/01/16;2100 UTC;0;1000,3;1000,3;999,7;;26,6;22,1;27;26,4;22,8;21,4;80;73;76;47;4;2,2;
2025/01/16;2200 UTC;0;1000,6;1000,6;1000,2;;25,3;21,3;26,6;25,3;22,1;21,2;79;76;79;61;4,9;2,7;
2025/01/16;2300 UTC;1,4;1001,4;1001,4;1000,6;;24,1;21,5;25,3;24;21,5;21,1;85;79;85;138;4,1;,1;
2025/01/17;0000 UTC;,4;1002,4;1002,4;1001,4;;24,1;21,9;24,2;24;22;21,5;88;85;88;298;,8;,1;
2025/01/17;0100 UTC;0;1003;1003;1002,4;;23,9;21,8;24,2;23,9;22,1;21,8;88;88;88;322;1,9;1;
2025/01/17;0200 UTC;0;1003,5;1003,5;1003;;23,9;21,9;24;23,9;21,9;21,8;88;88;88;38;2,4;1,2;
2025/01/17;0300 UTC;0;1003,6;1003,7;1003,5;;24;22;24;23,9;22;21,8;89;88;89;346;2,4;,2;
2025/01/17;0400 UTC;0;1002,8;1003,6;1002,8;;23,7;21,6;24;23,7;22;21,6;89;88;88;314;2,6;,5;
2025/01/17;0500 UTC;0;1001,9;1002,8;1001,9;;23,6;21,6;23,7;23,6;21,7;21,5;88;88;88;318;2,1;,2;
2025/01/17;0600 UTC;0;1001,4;1001,9;1001,4;;23,5;21,4;23,7;23,5;21,6;21,4;88;88;88;9;3;,7;
2025/01/17;0700 UTC;0;1001,6;1001,6;1001,3;;23,6;21,5;23,7;23,5;21,6;21,4;88;88;88;357;2;0;
2025/01/17;0800 UTC;,6;1002;1002;1001,6;;23,5;21,5;23,6;23,4;21,5;21,4;89;88;89;89;1,4;0;
2025/01/17;0900 UTC;,4;1002,7;1002,7;1002;;23,4;21,5;23,5;23,4;21,5;21,4;89;89;89;97;1,2;,3;
2025/01/17;1000 UTC;,2;1003,6;1003,6;1002,7;;23,4;21,5;23,4;23,3;21,6;21,5;89;89;89;70;1,6;,6;
2025/01/17;1100 UTC;,4;1004,6;1004,6;1003,6;;23,8;21,9;23,8;23,4;22;21,6;90;89;89;98;1,7;,7;
2025/01/17;1200 UTC;,8;1005,4;1005,4;1004,6;;24,2;22,2;24,3;23,8;22,3;21,9;89;89;89;70;2,6;1,3;
2025/01/17;1300 UTC;,4;1005,5;1005,6;1005,4;;24,8;22,5;24,9;24,2;22,7;22,3;89;87;87;56;4,4;2,5;
2025/01/17;1400 UTC;,2;1005,3;1005,5;1005,3;;25,1;22,6;25,1;24,6;22,7;22;87;85;86;55;4,7;1,7;
2025/01/17;1500 UTC;0;1004,8;1005,4;1004,8;;25,6;22;25,6;24,9;22,5;21,7;86;80;81;53;3,9;1,7;
2025/01/17;1600 UTC;0;1003,5;1004,8;1003,5;;26,5;21,8;26,6;25,6;22,4;21,3;81;74;75;316;2,8;,8;
2025/01/17;1700 UTC;0;1002,5;1003,5;1002,5;;26,6;21,6;27;26,4;22,3;21,4;76;74;74;179;1,8;,2;
2025/01/17;1800 UTC;0;1001,3;1002,5;1001,3;;27;22;27;26,4;22,3;21,5;76;73;74;28;2,2;,2;
2025/01/17;1900 UTC;0;1000,5;1001,3;1000,5;;28,3;21,5;29,3;26,8;22,7;21;75;63;66;57;2,7;1,1;
2025/01/17;2000 UTC;0;1000;1000,5;999,9;;28,8;21,6;29,6;27,5;21,8;20,5;69;60;65;53;2,9;1,6;
2025/01/17;2100 UTC;0;1000,4;1000,4;1000;;28,3;21,1;28,9;28,1;21,8;20,5;66;61;65;93;3,4;,4;
2025/01/17;2200 UTC;0;1001,4;1001,4;1000,4;;26,3;21,7;28,3;26,3;21,7;20,9;76;65;76;83;3,3;1,3;
2025/01/17;2300 UTC;0;1002,2;1002,2;1001,4;;25,6;21,5;26,3;25,5;21,7;21,5;79;76;78;24;2,2;1,1;
2025/01/18;0000 UTC;0;1002,7;1002,7;1002,2;;25,2;21,8;25,8;25,1;21,9;21,5;82;78;82;11;2;,6;
2025/01/18;0100 UTC;0;1003,2;1003,2;1002,7;;25,1;21,8;25,3;25;22,1;21,8;83;81;82;351;1,7;,5;
2025/01/18;0200 UTC;0;1003,7;1003,8;1003,2;;24,8;21,9;25,1;24,8;21,9;21,7;84;82;84;316;2,2;,9;
2025/01/18;0300 UTC;0;1004,1;1004,1;1003,7;;24,4;21,4;24,8;24,4;22;21,4;85;83;83;294;6,2;2,9;
2025/01/18;0400 UTC;8,4;1003,7;1004,1;1003,7;;23,2;21,2;24,4;23,2;21,4;21,1;88;83;88;292;7,1;2,4;
2025/01/18;0500 UTC;0;1003;1003,7;1002,9;;22,9;20,8;23,3;22,9;21,2;20,8;88;87;88;304;5,3;1,8;
2025/01/18;0600 UTC;0;1002,7;1003;1002,7;;22,9;20,9;23;22,9;20,9;20,8;88;88;88;313;4;,8;
2025/01/18;0700 UTC;0;1002,6;1002,7;1002,5;;23,1;21,1;23,1;22,9;21,1;20,9;89;88;88;286;2,9;,3;
2025/01/18;0800 UTC;0;1002,7;1002,7;1002,5;;23,2;21,2;23,2;23,1;21,3;21,1;89;88;89;286;1,7;0;
2025/01/18;0900 UTC;,2;1003,4;1003,4;1002,7;;23,3;21,3;23,4;23,1;21,4;21,1;89;88;89;73;1,6;,2;
2025/01/18;1000 UTC;0;1004;1004;1003,4;;23,2;21,2;23,4;23,2;21,4;21,2;89;88;89;114;1,2;,5;
2025/01/18;1100 UTC;,2;1005,1;1005,1;1004;;23,4;21,4;23,5;23,2;21,5;21,2;89;89;89;127;1,5;,2;
2025/01/18;1200 UTC;,8;1006;1006;1005,1;;23,5;21,5;23,6;23,3;21,6;21,4;89;88;88;269;1,9;0;
2025/01/18;1300 UTC;1,6;1006,2;1006,3;1006;;23,9;21,8;24;23,4;21,8;21,3;88;87;88;258;2,6;1,4;
2025/01/18;1400 UTC;1;1006,2;1006,3;1006,1;;24,4;22;24,4;23,9;22,1;21,7;88;86;87;263;4,7;2,6;
2025/01/18;1500 UTC;,4;1005,7;1006,2;1005,7;;24,6;21,9;24,6;24,2;22,1;21,7;87;84;85;300;7,8;4;
2025/01/18;1600 UTC;0;1004,9;1005,7;1004,9;;24,8;20,8;25;24,6;22,2;20,6;85;78;79;303;7,3;2,9;
2025/01/18;1700 UTC;0;1004,1;1004,9;1004,1;;25,1;21;25,1;24,7;21,2;20,4;79;77;78;282;6,6;2,6;
2025/01/18;1800 UTC;0;1003,2;1004,1;1003,2;;24,8;20,7;25,1;24,7;21;20,5;79;77;78;277;5,5;2,8;
2025/01/18;1900 UTC;0;1002,5;1003,2;1002,5;;24,3;20,9;24,8;24,3;21,2;20,5;82;77;81;262;5,3;2,1;
2025/01/18;2000 UTC;,2;1002,1;1002,5;1002,1;;23,9;21;24,3;23,9;21,2;20,8;84;81;84;282;4,8;1,2;
2025/01/18;2100 UTC;,2;1002,1;1002,1;1002;;23,7;21;23,9;23,6;21,1;20,8;85;83;85;38;3,4;0;
2025/01/18;2200 UTC;,4;1002,4;1002,4;1002,1;;23,7;21,4;23,8;23,6;21,4;21;87;85;87;176;2;0;
2025/01/18;2300 UTC;0;1002,7;1002,7;1002,4;;23,6;21,5;23,8;23,5;21,6;21,3;88;87;88;170;,7;0;
2025/01/19;0000 UTC;0;1003,3;1003,3;1002,7;;23,5;21,5;23,7;23,5;21,7;21,5;89;88;89;310;1;0;
2025/01/19;0100 UTC;0;1004,3;1004,3;1003,3;;23,3;21,4;23,5;23,3;21,6;21,3;89;89;89;100;1,3;,6;
2025/01/19;0200 UTC;0;1004,5;1004,5;1004,3;;23,2;21,3;23,4;23,2;21,5;21,3;89;89;89;77;2,2;,3;
2025/01/19;0300 UTC;0;1004,1;1004,5;1004,1;;23,1;21,2;23,2;23,1;21,3;21,2;89;89;89;107;1,2;0;
2025/01/19;0400 UTC;0;1003,6;1004,1;1003,6;;22,7;20,9;23,1;22,7;21,2;20,9;89;89;89;77;,5;0;
2025/01/19;0500 UTC;0;1003;1003,6;1003;;22,8;21;22,9;22,7;21,1;20,8;90;89;90;176;0;0;
2025/01/19;0600 UTC;0;1002,4;1003;1002,4;;22,6;20,8;22,8;22,6;21;20,8;90;90;90;299;0;0;
2025/01/19;0700 UTC;0;1002,3;1002,4;1002,2;;22,4;20,7;22,6;22,4;20,8;20,7;90;90;90;309;0;0;
2025/01/19;0800 UTC;0;1002,2;1002,4;1002,2;;22,5;20,8;22,6;22,4;20,9;20,7;90;90;90;318;0;0;
2025/01/19;0900 UTC;0;1002,6;1002,6;1002,2;;22,6;20,8;22,7;22,5;21;20,8;90;90;90;119;0;0;
2025/01/19;1000 UTC;0;1003,2;1003,2;1002,6;;22,2;20,5;22,6;22,2;20,9;20,5;90;90;90;55;0;0;
2025/01/19;1100 UTC;0;1003,6;1003,6;1003,2;;24,2;22,4;24,2;22,2;22,4;20,5;90;90;90;45;0;0;
2025/01/19;1200 UTC;0;1004,3;1004,3;1003,6;;24,4;22,1;24,9;24;23;21,8;90;87;87;284;2;,5;
2025/01/19;1300 UTC;0;1004,7;1004,7;1004,3;;25;21,4;25;24,4;22,3;21,2;87;80;81;37;2,8;,9;
2025/01/19;1400 UTC;0;1004,2;1004,7;1004,2;;26,4;21,3;26,4;24,9;21,9;20,8;81;73;74;308;3,9;1,6;
2025/01/19;1500 UTC;0;1003,9;1004,2;1003,9;;27,7;21,6;27,7;26,2;22;20,7;74;66;69;269;4,4;,6;
2025/01/19;1600 UTC;0;1003,2;1003,9;1003,2;;28;21,5;28,5;27,3;22;20,7;70;65;67;201;2,8;,6;
2025/01/19;1700 UTC;0;1002,6;1003,2;1002,6;;29,3;21,2;29,3;27,9;22,1;20,8;69;62;62;43;2,8;,2;
2025/01/19;1800 UTC;0;1001,1;1002,6;1001,1;;30,1;21,1;30,5;28,8;23,1;20,6;66;59;59;146;2,7;1,1;
2025/01/19;1900 UTC;0;1000,1;1001,1;1000,1;;29,5;20,7;30,6;29,1;22,2;19,7;62;56;59;83;3,6;,9;
2025/01/19;2000 UTC;0;999,8;1000,2;999,8;;29,4;21;30,4;29,1;21,6;20,2;63;56;61;255;3,1;,8;
2025/01/19;2100 UTC;0;1000,1;1000,1;999,8;;26,6;20,7;29,4;26,6;22,4;20,6;70;60;70;19;3,8;1,6;
2025/01/19;2200 UTC;0;1001,1;1001,1;1000,1;;25,6;21,2;26,6;25,6;21,2;20,7;77;70;77;295;3,7;1,1;
2025/01/19;2300 UTC;0;1002;1002;1001,1;;25,3;21,4;25,7;25,2;21,6;21,1;79;76;79;278;2,2;,6;
2025/01/20;0000 UTC;0;1002,9;1002,9;1002;;25,3;21,9;25,3;25,2;21,9;21,4;81;79;81;335;1,6;0;
2025/01/20;0100 UTC;0;1003,3;1003,4;1002,9;;24,7;21,9;25,3;24,7;22;21,8;85;81;85;231;1,2;,1;
2025/01/20;0200 UTC;0;1003,4;1003,6;1003,3;;24,6;22;24,7;24,6;22,1;21,9;86;85;85;236;1,2;0;
2025/01/20;0300 UTC;0;1003,3;1003,5;1003,3;;24,4;22;24,6;24,4;22;21,9;86;85;86;191;0;0;
2025/01/20;0400 UTC;0;1002,9;1003,3;1002,9;;24,2;21,9;24,5;24,1;22;21,8;87;86;87;283;0;0;
2025/01/20;0500 UTC;,2;1002,7;1002,9;1002,7;;24,1;21,8;24,2;24;22;21,8;88;87;87;38;5;2,3;
2025/01/20;0600 UTC;1,2;1002,5;1002,7;1002,5;;23;20,8;24,1;23;21,8;20,8;87;85;87;28;5,7;2,5;
2025/01/20;0700 UTC;3,4;1002,7;1002,8;1002,5;;22,8;20,8;23;22,8;20,9;20,8;89;87;89;49;4,9;2;
2025/01/20;0800 UTC;4;1002,9;1002,9;1002,7;;22,5;20,6;22,8;22,5;20,9;20,6;89;89;89;307;4,1;,7;
2025/01/20;0900 UTC;1,6;1003,3;1003,3;1002,9;;22,4;20,5;22,5;22,4;20,6;20,4;89;89;89;328;2,7;,2;
2025/01/20;1000 UTC;,2;1003,7;1003,7;1003,3;;22,3;20,4;22,4;22,2;20,5;20,3;89;89;89;271;1,7;0;
2025/01/20;1100 UTC;0;1004,1;1004,2;1003,7;;22,5;20,6;22,6;22,3;20,7;20,4;89;89;89;255;2,2;,3;
2025/01/20;1200 UTC;0;1004,5;1004,5;1004,1;;23,2;21,1;23,2;22,5;21,2;20,6;89;88;88;299;1,3;,1;
2025/01/20;1300 UTC;,2;1004,7;1004,7;1004,5;;23,9;21,2;24,1;23,1;21,6;21;88;85;85;91;1,7;,3;
2025/01/20;1400 UTC;0;1004,7;1004,8;1004,6;;25,3;21,5;25,6;23,9;22,3;21,1;86;79;79;154;1,6;0;
2025/01/20;1500 UTC;0;1004,1;1004,7;1004,1;;26,4;21,6;26,5;25,3;22,1;20,9;80;75;75;151;0;0;
2025/01/20;1600 UTC;,2;1003,3;1004,1;1003,3;;27,6;22;27,8;26,1;22,6;21;77;69;72;351;1,5;,1;
2025/01/20;1700 UTC;0;1002,1;1003,3;1002,1;;29;23,4;29;27,6;23,4;21,3;74;67;72;251;2,8;,8;
2025/01/20;1800 UTC;0;1000,4;1002,1;1000,4;;27,3;22,4;29,4;27,1;23,3;21,4;75;65;75;252;3,7;1,8;
2025/01/20;1900 UTC;0;999,3;1000,4;999,3;;26,8;22,3;27,3;26,8;22,7;22,1;77;74;76;274;4,5;2,4;
2025/01/20;2000 UTC;0;998,8;999,3;998,8;;29,2;22,4;29,4;26,8;23;22;77;66;67;265;4;1,5;
2025/01/20;2100 UTC;0;999,2;999,2;998,8;;28,2;22,7;29,4;27,8;22,8;21,9;73;65;72;242;3;,8;
2025/01/20;2200 UTC;0;1000,1;1000,1;999,2;;26,5;22,5;28,2;26,4;22,6;22,4;79;72;79;232;1,8;,2;
2025/01/20;2300 UTC;0;1001;1001;1000,1;;26;22,8;26,5;25,9;22,8;22,4;83;79;83;151;1;0;
2025/01/21;0000 UTC;0;1001,8;1001,8;1001;;25,6;22,7;26;25,5;22,8;22,5;84;83;84;98;,8;0;
2025/01/21;0100 UTC;0;1002,3;1002,4;1001,8;;25,3;22,7;25,6;25,2;22,7;22,4;86;84;86;163;1;0;
2025/01/21;0200 UTC;0;1002,4;1002,5;1002,3;;24,8;22,4;25,4;24,8;22,8;22,3;86;86;86;228;1,2;0;
2025/01/21;0300 UTC;0;1002,5;1002,6;1002,2;;24,9;22,5;25;24,6;22,7;22,3;88;86;87;17;5,7;1;
2025/01/21;0400 UTC;0;1002,4;1002,5;1002,3;;24,9;22,2;25;24,8;22,5;22,2;87;85;85;234;2,3;,1;
2025/01/21;0500 UTC;0;1002;1002,4;1002;;24,7;22;24,9;24,7;22,2;22;85;85;85;5;1,2;0;
2025/01/21;0600 UTC;0;1001,6;1002;1001,6;;24,4;21,9;24,7;24,3;22,1;21,9;86;85;86;348;0;0;
2025/01/21;0700 UTC;0;1001,5;1001,6;1001,4;;24,2;21,7;24,4;24,2;21,9;21,6;86;85;86;286;0;0;
2025/01/21;0800 UTC;0;1001,3;1001,6;1001,3;;23,7;21,4;24,2;23,7;21,7;21,4;87;86;87;23;2,1;0;
2025/01/21;0900 UTC;0;1001,9;1001,9;1001,3;;23,5;21,4;23,7;23,5;21,4;21,2;88;87;88;48;2,6;,5;
2025/01/21;1000 UTC;;;;;;;;;;;;;;;;;;
2025/01/21;1100 UTC;0;1003,8;1003,8;1002,8;;24,1;21,7;24,1;23,7;21,7;21,5;88;86;86;42;1,1;0;
2025/01/21;1200 UTC;0;1004,3;1004,4;1003,8;;24,7;21,6;24,9;24,1;22,1;21,5;86;83;83;98;0;0;
2025/01/21;1300 UTC;0;1004,9;1004,9;1004,2;;25,1;22,1;25,2;24,7;22,3;21,6;84;83;83;165;2,3;,6;
2025/01/21;1400 UTC;0;1004,7;1005;1004,7;;26,1;22,2;26,1;25,1;22,5;21,8;84;79;79;106;2,3;,7;
2025/01/21;1500 UTC;0;1003,8;1004,7;1003,8;;27,2;21,9;27,4;26;22,5;21,4;79;71;72;65;5,4;2,8;
2025/01/21;1600 UTC;0;1003,1;1003,8;1003,1;;27,6;22,2;27,6;26,8;22,3;21,4;74;71;73;49;5,8;2,3;
2025/01/21;1700 UTC;0;1001,4;1003,1;1001,4;;29,2;22;29,3;27,1;22,8;21,3;73;64;65;50;4,4;1,6;
2025/01/21;1800 UTC;0;1000,3;1001,4;1000,3;;28,7;21,7;30,4;28,7;22,7;21,2;67;61;66;44;3,9;,5;
2025/01/21;1900 UTC;0;999,8;1000,3;999,7;;28;22,1;28,7;27,9;22,7;21,2;71;65;70;197;3,1;1,4;
2025/01/21;2000 UTC;0;999;999,8;999;;28,7;22,2;29;27,3;22,9;22;74;67;68;218;3,6;2,3;
2025/01/21;2100 UTC;0;999,3;999,4;999;;28,5;22,1;29,4;28,5;22,9;22;70;66;68;218;3,6;1,6;
2025/01/21;2200 UTC;0;1000,2;1000,3;999,3;;26,2;20,1;28,5;26,2;22,5;20;74;68;69;64;7,9;3,4;
2025/01/21;2300 UTC;0;1001,2;1001,2;1000,2;;24,9;20;26,2;24,8;20,3;19,9;75;69;74;228;6,3;,2;
2025/01/22;0000 UTC;0;1002;1002;1001,2;;24,6;20,4;25;24,6;20,4;20;78;74;77;67;2,4;1;
2025/01/22;0100 UTC;0;1002,5;1002,5;1001,8;;23,8;20,2;24,6;23,8;20,5;20,1;80;77;80;18;4,1;1,9;
2025/01/22;0200 UTC;0;1003,2;1003,2;1002,5;;23,6;20,7;23,8;23,5;20,7;20,2;84;80;84;326;3,9;,9;
2025/01/22;0300 UTC;0;1003,1;1003,5;1003,1;;23,4;20,9;23,6;23,4;20,9;20,7;86;84;86;54;2,7;,2;
2025/01/22;0400 UTC;,2;1003;1003,2;1002,9;;23,4;21,1;23,5;23,4;21,1;20,9;87;86;87;290;1,4;,4;
2025/01/22;0500 UTC;0;1002,3;1003;1002,3;;23,4;21,1;23,4;23,3;21,1;21;87;87;87;325;1,9;,4;
2025/01/22;0600 UTC;0;1002;1002,3;1001,9;;23,4;21,1;23,4;23,3;21,2;21;87;87;87;35;1,9;,1;
2025/01/22;0700 UTC;0;1001,8;1002;1001,8;;23,2;21;23,4;23,2;21,2;21;88;87;88;19;2,6;1;
2025/01/22;0800 UTC;0;1001,8;1001,9;1001,7;;23,1;20,9;23,2;23,1;21,1;20,9;88;87;88;316;2,4;,3;
2025/01/22;0900 UTC;0;1002,2;1002,3;1001,8;;23;20,9;23,2;23;21,1;20,9;88;88;88;55;1,4;,7;
2025/01/22;1000 UTC;0;1003,1;1003,1;1002,2;;22,9;20,9;23;22,8;20,9;20,8;88;88;88;223;2;,4;
2025/01/22;1100 UTC;0;1003,7;1003,7;1003,1;;24,9;22;25;22,9;22,8;20,8;88;84;84;330;1,8;,3;
2025/01/22;1200 UTC;0;1004,7;1004,7;1003,7;;26,8;21,6;26,9;24,8;22,1;21,1;84;72;73;96;2,1;1;
2025/01/22;1300 UTC;0;1005,2;1005,2;1004,7;;27,3;21,7;27,7;26,2;22,1;20,6;74;69;72;60;2,5;1;
2025/01/22;1400 UTC;0;1004,8;1005,2;1004,8;;27,7;21,4;29;27,3;22,4;20,8;72;65;68;25;4,7;1,3;
2025/01/22;1500 UTC;0;1004,2;1004,8;1004,2;;30,2;22;30,3;27,7;22,8;21,3;70;61;62;24;3,9;1,2;
2025/01/22;1600 UTC;0;1003,1;1004,2;1003,1;;30,6;21,8;31,2;29,5;23,1;21,2;65;59;60;36;4,9;2,1;
2025/01/22;1700 UTC;0;1001,6;1003,1;1001,6;;31,7;21,5;32,4;29,9;22,7;20,6;62;53;55;95;5,3;1,4;
2025/01/22;1800 UTC;0;1000,2;1001,6;1000,2;;30,6;21,2;32,2;29,9;22;20,8;61;52;58;54;5,6;1,9;
2025/01/22;1900 UTC;0;999,5;1000,2;999,4;;31,9;21,9;31,9;30,5;22,6;20,6;60;53;56;20;4,2;1,4;
2025/01/22;2000 UTC;0;999,1;999,5;999,1;;31,4;21,1;31,9;31,2;21,7;20,5;57;52;54;23;4,5;1,9;
2025/01/22;2100 UTC;0;999,6;999,6;999,1;;28,5;21,4;31,7;28,5;22,1;20,4;66;52;65;151;3,2;1;
2025/01/22;2200 UTC;0;1000,7;1000,7;999,6;;26,7;22,2;28,5;26,7;22,2;21,3;77;65;77;200;3,2;1,1;
2025/01/22;2300 UTC;0;1001,3;1001,3;1000,6;;25,7;22,1;26,7;25,6;22,3;22,1;81;77;81;225;2,8;,2;
2025/01/23;0000 UTC;0;1003,8;1003,8;1001,3;;25,7;21;25,7;25,6;22,5;21;83;75;75;128;17,2;3,6;
2025/01/23;0100 UTC;4;1003,6;1004,2;1003,5;;22,3;19,8;25,7;21,8;20,8;18,9;86;72;86;313;17,2;1,4;
2025/01/23;0200 UTC;,8;1003,8;1004,7;1003,5;;22,5;20,1;22,6;22,2;20,2;19,7;87;86;87;276;5,8;2,2;
2025/01/23;0300 UTC;,8;1003,8;1004,1;1003,7;;22,3;20;22,6;22,3;20,2;20;87;87;87;314;4,1;1,2;
2025/01/23;0400 UTC;,4;1003;1004;1003;;22;19,8;22,3;22;20;19,8;88;87;87;319;2,1;0;
2025/01/23;0500 UTC;0;1002,6;1003;1002,6;;22;19,7;22;21,9;19,9;19,6;88;87;87;360;2,3;,7;
2025/01/23;0600 UTC;0;1002;1002,6;1002;;21,7;19,5;22;21,7;19,7;19,5;87;87;87;291;2,3;0;
2025/01/23;0700 UTC;0;1001,9;1002,3;1001,9;;21,8;19,7;21,8;21,6;19,7;19,4;88;87;88;278;0;0;
2025/01/23;0800 UTC;0;1002,2;1002,2;1001,9;;21,9;19,8;22;21,7;19,9;19,6;88;88;88;233;0;0;
2025/01/23;0900 UTC;0;1002,3;1002,4;1002,1;;21,9;19,8;22;21,8;19,9;19,7;88;88;88;104;2,5;0;
2025/01/23;1000 UTC;0;1002,5;1002,6;1002,3;;21,9;19,8;22;21,8;20;19,7;88;88;88;235;0;0;
2025/01/23;1100 UTC;0;1003,5;1003,5;1002,5;;23;20,4;23,2;21,9;20,7;19,9;88;85;86;223;1,8;,6;
2025/01/23;1200 UTC;0;1004,4;1004,4;1003,5;;25;21,1;25,1;23;21,4;20,4;86;79;79;154;1,6;,2;
2025/01/23;1300 UTC;0;1004,3;1004,7;1004,3;;26,5;21,7;27;24,8;22,3;20,8;80;74;75;284;2,4;,7;
2025/01/23;1400 UTC;0;1003,8;1004,3;1003,8;;27,8;21,7;28,6;26,5;23;21,6;75;68;69;77;3,2;1,5;
2025/01/23;1500 UTC;0;1003,4;1003,8;1003,4;;29,1;22,2;29,3;27,8;23,1;21,9;72;66;66;170;3,6;1;
2025/01/23;1600 UTC;0;1002,3;1003,4;1002,3;;30;22,3;30,1;28,6;23,1;21,4;70;62;63;64;2,6;,7;
2025/01/23;1700 UTC;,6;1001,4;1002,3;1001,4;;30,6;22,3;31,4;29,8;23,3;20,8;65;56;61;296;3,6;,7;
2025/01/23;1800 UTC;6;1000,7;1001,4;1000,6;;26,1;23,1;30,6;26,1;23,9;22,3;84;62;83;236;4,9;1,4;
2025/01/23;1900 UTC;0;999,9;1000,8;999,9;;26,2;22,5;26,5;26,1;23,6;22,5;84;80;80;55;2,8;,4;
2025/01/23;2000 UTC;0;999,1;999,9;999;;26,6;22,8;26,7;26,2;23,1;22,3;81;78;80;35;3,3;1,8;
2025/01/23;2100 UTC;0;999;999,2;998,9;;26,2;22,6;26,8;26,2;23,1;22,6;81;79;80;25;3,5;,7;
2025/01/23;2200 UTC;0;999,5;999,5;998,9;;25,6;22,6;26,2;25,6;22,8;22,4;84;80;84;275;1,4;,2;
2025/01/23;2300 UTC;0;1000,6;1000,6;999,5;;25,3;22,7;25,6;25,2;22,7;22,5;86;84;86;189;1;0;
2025/01/24;0000 UTC;0;1001,5;1001,5;1000,6;;24,9;22,7;25,3;24,8;22,7;22,4;87;86;87;216;1,7;0;
2025/01/24;0100 UTC;0;1001,9;1002;1001,5;;24,8;22,5;24,9;24,7;22,7;22,5;88;87;88;15;1,7;0;
2025/01/24;0200 UTC;0;1002;1002,1;1001,8;;24,7;22,5;24,9;24,6;22,7;22,4;88;88;88;19;0;0;
2025/01/24;0300 UTC;0;1002,1;1002,2;1001,9;;24,4;22,3;24,7;24,4;22,5;22,3;88;88;88;248;0;0;
2025/01/24;0400 UTC;0;1001,1;1002,1;1001,1;;24,1;22;24,4;24,1;22,3;22;88;88;88;234;0;0;
2025/01/24;0500 UTC;0;1000,8;1001,1;1000,7;;24,4;22,4;24,4;24,1;22,4;22;88;88;88;321;0;0;
2025/01/24;0600 UTC;0;1000,7;1001;1000,7;;23,8;21,5;24,4;23,7;22,4;21,5;88;87;87;26;7,9;2,6;
2025/01/24;0700 UTC;17,2;1000,7;1001,5;1000,7;;23;21;23,9;22,9;21,5;20,8;89;86;89;28;9,3;2,3;
2025/01/24;0800 UTC;,2;1001,6;1001,6;1000,5;;23,1;21,2;23,2;22,9;21,3;21;89;89;89;132;4,6;1;
2025/01/24;0900 UTC;,4;1002,1;1002,1;1001,3;;23,3;21,3;23,3;23,1;21,3;21,1;89;89;89;23;2,6;0;
2025/01/24;1000 UTC;,2;1002,6;1002,7;1002,1;;23,4;21,4;23,4;23,3;21,4;21,3;89;89;89;45;0;0;
2025/01/24;1100 UTC;,8;1003,2;1003,2;1002,6;;23,6;21,6;23,7;23,4;21,7;21,4;89;89;89;239;2,1;,3;
2025/01/24;1200 UTC;1;1003,5;1003,6;1003,2;;23,6;21,6;23,7;23,4;21,7;21,4;89;89;89;287;1,8;,5;
2025/01/24;1300 UTC;0;1003,6;1003,7;1003,3;;24,1;22,1;24,1;23,6;22,1;21,6;89;88;88;304;2,2;1,1;
2025/01/24;1400 UTC;0;1003,8;1003,8;1003,6;;25,8;22,3;26;24,1;22,9;22;88;81;81;35;2,2;,1;
2025/01/24;1500 UTC;0;1003,4;1003,8;1003,4;;27,3;20,9;27,4;25,8;22,8;20,9;82;68;68;94;2,1;1,2;
2025/01/24;1600 UTC;0;1002,6;1003,4;1002,6;;27,9;21,4;28,1;27,2;22,4;20,8;72;67;68;134;3;,7;
2025/01/24;1700 UTC;0;1001,2;1002,6;1001,2;;29,1;22,4;29,2;27,7;22,9;21;69;64;67;346;4,3;1,6;
2025/01/24;1800 UTC;9,8;1000,1;1001,2;1000,1;;25,1;22,1;29,1;25,1;22,6;21;83;64;83;314;5,5;1,3;
2025/01/24;1900 UTC;13;999,3;1000,1;999,2;;24,3;22,1;25,1;24,2;22,3;21,7;87;83;87;317;2,9;0;
2025/01/24;2000 UTC;,8;999,1;999,3;998,7;;24,5;22,2;24,7;24,2;22,5;22;88;87;87;207;2,2;1;
2025/01/24;2100 UTC;,2;999,2;999,3;999,1;;24,4;22,2;24,6;24,3;22,4;22,1;88;87;88;209;2,6;1,1;
2025/01/24;2200 UTC;2;999,6;999,6;999,2;;23,9;21,8;24,4;23,9;22,2;21,7;88;87;88;224;2,3;0;
2025/01/24;2300 UTC;,2;1000,4;1000,4;999,6;;23,8;21,7;23,9;23,8;21,8;21,7;88;88;88;192;0;0;
2025/01/25;0000 UTC;0;1001,5;1001,5;1000,4;;23,8;21,7;23,8;23,7;21,8;21,7;88;88;88;293;0;0;
2025/01/25;0100 UTC;0;1002,3;1002,3;1001,5;;23,4;21,4;23,8;23,4;21,8;21,4;88;88;88;160;1,2;,1;
2025/01/25;0200 UTC;,2;1002,1;1002,5;1002,1;;23,3;21,3;23,5;23,3;21,5;21,3;89;88;89;291;1,2;0;
2025/01/25;0300 UTC;0;1002,5;1002,6;1002,1;;23,6;21,6;23,6;23,2;21,7;21,3;89;89;89;296;2,3;0;
2025/01/25;0400 UTC;,2;1002,3;1002,6;1002,2;;23,9;21,9;23,9;23,6;21,9;21,7;89;89;89;39;2,4;1,4;
2025/01/25;0500 UTC;0;1001,6;1002,3;1001,6;;24;22,1;24;23,9;22,1;21,9;89;89;89;28;2,5;0;
2025/01/25;0600 UTC;0;1001,3;1001,6;1001,2;;24;22,1;24,1;24;22,1;22;89;89;89;359;1,2;0;
2025/01/25;0700 UTC;0;1001,5;1001,6;1001,3;;23,9;22;24;23,9;22,1;22;89;89;89;299;1,2;0;
2025/01/25;0800 UTC;0;1001,8;1001,8;1001,4;;23,8;21,9;23,9;23,8;22;21,9;89;89;89;15;0;0;
2025/01/25;0900 UTC;0;1001,6;1001,8;1001,4;;23,6;21,7;23,8;23,6;21,9;21,7;89;89;89;277;0;0;
2025/01/25;1000 UTC;0;1002,1;1002,1;1001,6;;23,7;21,8;23,7;23,5;21,8;21,6;89;89;89;262;0;0;
2025/01/25;1100 UTC;0;1003,2;1003,2;1002,1;;24,2;22,2;24,2;23,7;22,2;21,8;89;89;89;289;0;0;
2025/01/25;1200 UTC;0;1003,9;1003,9;1003,2;;25,8;23,1;25,9;24,2;23,4;22,2;89;85;85;357;2,9;1,3;
2025/01/25;1300 UTC;0;1004,3;1004,3;1003,9;;26,6;22,1;26,9;25,7;23,5;22,1;85;76;76;39;4;2,1;
2025/01/25;1400 UTC;0;1004,4;1004,5;1004,2;;27;21,9;27,1;26,1;22,5;21,8;79;74;74;49;3,8;1,8;
2025/01/25;1500 UTC;0;1004;1004,4;1004;;28,7;22,5;29,3;27;23,7;21,6;77;67;69;30;6,3;3;
2025/01/25;1600 UTC;0;1003;1004;1003;;30,2;22,3;30,2;27,9;23,2;21,3;72;61;63;360;5,4;1,1;
2025/01/25;1700 UTC;0;1001,6;1003;1001,6;;30,1;21,2;30,8;29,3;23,2;21,2;67;58;59;55;5;1,5;
2025/01/25;1800 UTC;0;1000,3;1001,6;1000,3;;32;21,7;32,2;30,1;22,3;20,5;61;51;55;177;4,9;1,1;
2025/01/25;1900 UTC;0;999,4;1000,3;999,4;;32;21,5;32,7;30,7;22,8;20,8;60;52;54;31;6,6;1,3;
2025/01/25;2000 UTC;0;998,7;999,4;998,7;;30,4;21,2;32;30,4;21,7;20,3;58;51;58;112;4,3;1,5;
2025/01/25;2100 UTC;0;999,1;999,1;998,5;;27,5;22,2;31,4;27,4;22,2;20,7;73;54;73;156;8;1,6;
2025/01/25;2200 UTC;0;999,5;999,5;999,1;;26,9;21,5;27,8;26,9;22,5;21,5;74;71;72;19;4,3;,1;
2025/01/25;2300 UTC;0;1001,2;1001,2;999,5;;25,7;21,8;26,9;25,6;21,8;21,2;79;72;79;20;4,3;1,8;
2025/01/26;0000 UTC;0;1002,2;1002,2;1001,2;;25,4;21,9;25,8;25,4;22,2;21,8;82;79;81;41;4,2;1,3;
2025/01/26;0100 UTC;0;1003,4;1003,4;1002,2;;24,7;21,8;25,4;24,7;22;21,8;84;81;84;55;4,2;2,8;
2025/01/26;0200 UTC;7,4;1004;1004;1003,4;;23,7;21,4;24,7;23,5;21,7;21,1;87;83;87;66;7,7;3,7;
2025/01/26;0300 UTC;4;1003,1;1004;1003,1;;23,4;21,2;23,7;23,3;21,4;21,1;88;87;87;51;6;,4;
2025/01/26;0400 UTC;0;1002,4;1003,2;1002,4;;23,4;21,3;23,5;23,4;21,3;21,2;88;87;88;262;1,3;0;
2025/01/26;0500 UTC;0;1001,4;1002,4;1001,3;;23,2;21,2;23,5;23,2;21,3;21,2;88;88;88;249;0;0;
2025/01/26;0600 UTC;0;1001,3;1001,5;1001,2;;23;21;23,3;23;21,2;21;88;88;88;293;0;0;
2025/01/26;0700 UTC;0;1001,5;1001,6;1001,3;;22,8;20,8;23;22,8;21;20,8;89;88;89;252;0;0;
2025/01/26;0800 UTC;0;1001,9;1002;1001,5;;22,8;20,9;22,8;22,7;20,9;20,7;89;89;89;230;0;0;
2025/01/26;0900 UTC;0;1002,7;1002,7;1001,9;;23;21;23;22,8;21;20,8;89;89;89;205;0;0;
2025/01/26;1000 UTC;0;1003,2;1003,2;1002,7;;23;21,1;23,1;22,9;21,2;21;89;89;89;208;1,3;0;
2025/01/26;1100 UTC;0;1004;1004;1003,2;;23,5;21,6;23,6;23;21,6;21,1;89;89;89;221;1,1;0;
2025/01/26;1200 UTC;0;1004,2;1004,3;1003,9;;25,1;22,9;25,2;23,4;23,1;21,5;89;87;88;342;1,4;,3;
2025/01/26;1300 UTC;0;1004,6;1004,6;1004,2;;27,5;22,6;28,2;25;23,8;22,1;88;74;75;50;5,3;2,3;
2025/01/26;1400 UTC;0;1004,6;1004,7;1004,5;;27,9;21,9;29;27,4;23,6;21,8;76;69;70;20;5,3;2,2;
2025/01/26;1500 UTC;0;1004;1004,6;1004;;29,3;22;30,1;27,9;23,4;21,8;74;63;65;30;5,5;1,8;
2025/01/26;1600 UTC;0;1003,2;1004;1003,2;;29,5;22,5;30,5;29;23,8;21,4;70;62;66;280;4,4;1;
2025/01/26;1700 UTC;0;1001,9;1003,2;1001,9;;31,3;22,8;31,7;29,5;23,1;21,3;67;55;61;200;5,1;1,1;
2025/01/26;1800 UTC;2,6;1000,4;1001,9;1000,4;;28,2;23;32,3;27,7;23,3;21,4;74;55;74;250;3,7;,7;
2025/01/26;1900 UTC;1,2;999,9;1000,4;999,7;;29;23,6;29,8;27,2;24,5;22,4;80;65;72;142;3,7;1,1;
2025/01/26;2000 UTC;8,6;999,3;1000,1;999,1;;25,2;21,8;29;23,6;23,5;19;82;70;82;34;16,3;1,1;
2025/01/26;2100 UTC;0;999,4;999,7;999,1;;26,4;22,5;26,4;25,1;22,6;21,7;82;77;79;122;2,8;0;
2025/01/26;2200 UTC;0;1000;1000;999,3;;25,8;22,7;26,4;25,7;22,9;22,3;84;78;84;337;,9;0;
2025/01/26;2300 UTC;0;1000,7;1000,7;1000;;25,2;22,7;25,9;25,2;23;22,7;86;84;86;65;0;0;
2025/01/27;0000 UTC;0;1001,7;1001,8;1000,7;;25,1;22,7;25,3;25,1;22,9;22,6;87;86;87;263;0;0;
2025/01/27;0100 UTC;0;1002,5;1002,5;1001,6;;24,8;22,6;25,1;24,8;22,8;22,6;88;87;88;135;2,9;,6;
2025/01/27;0200 UTC;0;1002,2;1002,6;1002,1;;24,7;22,4;24,9;24,7;22,7;22,4;88;87;87;116;2,6;0;
2025/01/27;0300 UTC;0;1001,8;1002,2;1001,8;;24,5;22,3;24,8;24,3;22,5;22,1;88;87;88;2;1,8;0;
2025/01/27;0400 UTC;0;1002;1002,1;1001,8;;24,4;22,3;24,5;24,4;22,4;22,2;88;88;88;46;3,5;1,4;
2025/01/27;0500 UTC;0;1001,7;1002,1;1001,6;;23,7;19,7;24,8;23,7;22,5;19,7;88;78;78;54;7,2;3,8;
2025/01/27;0600 UTC;0;1001;1001,7;1001;;22,8;19,3;23,7;22,8;19,6;19,1;80;77;80;61;7,5;1,8;
2025/01/27;0700 UTC;0;1000,9;1001;1000,7;;22,5;19,4;22,8;22,5;19,4;19,3;83;80;83;300;2,9;1;
2025/01/27;0800 UTC;0;1001,1;1001,1;1000,9;;22;19,4;22,5;22;19,4;19,3;85;83;85;69;3,2;,7;
2025/01/27;0900 UTC;0;1001,3;1001,3;1000,9;;21,8;19,3;22;21,8;19,5;19,3;86;85;86;118;2,5;1,4;
2025/01/27;1000 UTC;0;1002,2;1002,2;1001,3;;22,3;19,4;22,3;21,8;19,4;19,1;86;83;84;153;3,6;,4;
2025/01/27;1100 UTC;0;1002,7;1002,7;1002,2;;23,6;20,4;23,7;22,1;20,6;19,3;85;82;82;150;1,9;,2;
2025/01/27;1200 UTC;0;1003,4;1003,5;1002,7;;25,2;19,8;25,9;23,4;21,1;19,7;82;70;72;76;3,5;1,4;
2025/01/27;1300 UTC;0;1003,7;1003,7;1003,4;;26,2;20,4;26,2;25,2;20,4;19,4;73;68;71;69;3,6;1,4;
2025/01/27;1400 UTC;0;1003,6;1003,7;1003,6;;27,3;21;27,4;26,2;21,2;19,9;71;65;68;88;3,1;,9;
2025/01/27;1500 UTC;0;1003,2;1003,6;1003,2;;28,4;21,3;29,4;27,2;22,3;20,3;69;61;66;176;3,3;,8;
2025/01/27;1600 UTC;0;1002,1;1003,2;1002,1;;29,7;21,7;30,6;28,4;22,9;21;68;59;62;78;5,5;2,2;
2025/01/27;1700 UTC;0;1001,3;1002,1;1001,3;;29,5;21,7;30,7;29,5;22,5;21;63;59;63;56;5,3;3,4;
2025/01/27;1800 UTC;0;1000,1;1001,3;1000,1;;29,2;21,3;29,7;29;22,1;20,4;64;58;63;81;5,7;2,4;
2025/01/27;1900 UTC;0;999;1000,1;999;;30,1;21,1;31,3;29,2;21,8;20,5;63;55;59;126;4,7;1,8;
2025/01/27;2000 UTC;0;998,3;999;998,3;;30;21,3;30,3;28,7;22,6;20,7;68;58;60;81;5,6;1,3;
2025/01/27;2100 UTC;0;998,1;998,3;998,1;;29,9;21,4;30,1;29,8;21,7;21;61;59;60;79;3,2;1,1;
2025/01/27;2200 UTC;0;998,5;998,5;997,8;;28,2;21,5;29,9;28,2;21,5;21,1;67;60;67;53;2,2;0;
2025/01/27;2300 UTC;0;999,2;999,2;998,5;;26,7;21,9;28,2;26,7;22,2;21,4;75;67;75;271;1;,1;
2025/01/28;0000 UTC;0;1000,7;1000,7;999,2;;25,8;22,3;26,7;25,8;22,3;21,7;81;74;81;104;1,7;0;
2025/01/28;0100 UTC;0;1001,4;1001,4;1000,7;;25,5;22,3;25,8;25,3;22,4;22,1;83;81;82;225;1,2;,7;
2025/01/28;0200 UTC;0;1002,1;1002,1;1001,4;;24,9;22,3;25,5;24,9;22,3;22,2;85;82;85;203;1,1;,1;
2025/01/28;0300 UTC;0;1001,9;1002,2;1001,9;;24,8;22,4;24,9;24,7;22,5;22,3;87;85;86;292;1,1;0;
2025/01/28;0400 UTC;0;1001,3;1001,9;1001,3;;24,6;22,2;24,9;24,5;22,5;22,2;87;86;87;214;0;0;
2025/01/28;0500 UTC;0;1001;1001,3;1001;;24,4;22,1;24,6;24,3;22,2;22;87;87;87;35;4,1;,6;
2025/01/28;0600 UTC;0;1000,5;1001;1000,4;;24,5;21,6;24,8;24,4;22,1;21,6;87;84;84;15;4,1;1,6;
2025/01/28;0700 UTC;0;1000,2;1000,5;1000,2;;24,2;21,7;24,5;24,2;21,7;21,5;86;84;86;33;3,5;,8;
2025/01/28;0800 UTC;0;1000,4;1000,5;1000;;24,3;21,9;24,3;24,2;21,9;21,7;87;86;87;24;1,6;,1;
2025/01/28;0900 UTC;0;1000,9;1000,9;1000,4;;24;21,7;24,3;23,9;21,9;21,7;87;87;87;225;1;0;
2025/01/28;1000 UTC;0;1001,3;1001,3;1000,8;;24;21,9;24;23,6;21,9;21,5;88;87;88;188;0;0;
2025/01/28;1100 UTC;0;1002,3;1002,3;1001,3;;25,4;22,3;25,7;24;23;21,9;88;83;83;109;1,9;,1;
2025/01/28;1200 UTC;0;1002,8;1002,8;1002,3;;26,9;22,1;26,9;25,3;22,6;21,6;83;75;75;63;5,4;3,5;
2025/01/28;1300 UTC;0;1003,2;1003,2;1002,8;;29,3;22,6;29,3;26,7;22,9;21,6;75;67;67;62;7,5;4,3;
2025/01/28;1400 UTC;0;1003,3;1003,3;1003,1;;28,9;22,3;29,5;28,3;22,8;21,6;70;65;68;63;7,5;3,2;
2025/01/28;1500 UTC;0;1002,2;1003,4;1002,2;;30,6;22,6;30,9;28,7;23;21,7;68;60;62;73;6,3;2,5;
2025/01/28;1600 UTC;0;1001,2;1002,2;1001,2;;31,3;22,1;31,9;30,3;23,1;21,2;63;55;58;94;6,1;1,9;
2025/01/28;1700 UTC;0;999,8;1001,2;999,8;;32,6;21,2;32,8;31,3;23,5;20,9;61;51;51;100;5,9;3,1;
2025/01/28;1800 UTC;0;998,8;999,8;998,8;;31,3;22;33,6;31,3;23;20,7;58;48;58;54;7,4;3,3;
2025/01/28;1900 UTC;0;997,1;998,8;997,1;;32;21,8;32,2;29,7;22,9;21;63;54;55;49;8,6;2,6;
2025/01/28;2000 UTC;0;996,9;997,1;996,7;;30,9;22,6;32,3;30,9;22,6;20,9;61;52;61;108;5;1,7;
2025/01/28;2100 UTC;2,4;997,5;997,6;996,9;;26,3;22,7;30,9;26,3;23,6;22,5;80;62;80;180;6,5;3,5;
2025/01/28;2200 UTC;,4;998;998;997,1;;25,5;22,9;26,3;25,5;23;22,6;85;80;85;191;5,8;1,1;
2025/01/28;2300 UTC;1,2;999;999;998;;25,5;23,1;25,7;25,3;23,2;22,8;87;85;87;85;5,6;0;
2025/01/29;0000 UTC;0;999,7;999,7;999;;25,2;22,9;25,6;25,2;23,2;22,8;87;87;87;220;1,6;,3;
2025/01/29;0100 UTC;0;1000,7;1000,7;999,6;;25;22,8;25,2;25;22,9;22,7;88;87;88;216;1,1;,3;
2025/01/29;0200 UTC;0;1001,1;1001,1;1000,5;;24,5;22,3;25;24,5;22,8;22,3;88;87;87;227;1,5;0;
2025/01/29;0300 UTC;0;1001,8;1001,8;1001;;24,4;22,3;24,5;24,4;22,3;22,2;88;87;88;55;1,8;,3;
2025/01/29;0400 UTC;0;1000,5;1001,7;1000,5;;24,3;22;24,4;24,2;22,3;22;88;87;87;2;2,6;,3;
2025/01/29;0500 UTC;0;1001;1001;1000,4;;24,2;21,6;24,3;24,1;21,9;21,6;87;85;86;35;4,8;1,7;
2025/01/29;0600 UTC;0;1000,2;1001;1000,2;;24;21,6;24,2;24;21,7;21,6;86;86;86;54;3,9;,9;
2025/01/29;0700 UTC;0;999,9;1000,2;999,7;;23,9;21,7;24,1;23,9;21,7;21,6;87;86;87;311;2,1;0;
2025/01/29;0800 UTC;0;999,7;1000,1;999,7;;23,9;21,5;24;23,9;21,7;21,4;87;86;86;36;4,7;1,1;
2025/01/29;0900 UTC;0;1000,3;1000,3;999,6;;23,7;21,4;23,9;23,7;21,4;21,3;87;86;87;10;2,3;,1;
2025/01/29;1000 UTC;0;1001,1;1001,1;1000,3;;23,5;21,4;23,7;23,5;21,4;21,2;88;87;88;269;1,3;0;
2025/01/29;1100 UTC;0;1002,3;1002,3;1001,1;;24,8;22,4;24,8;23,5;22,5;21,4;88;86;87;184;0;0;
2025/01/29;1200 UTC;0;1003,2;1003,2;1002,3;;26,3;22,7;26,3;24,5;22,7;21,8;87;80;81;51;2,9;1,1;
2025/01/29;1300 UTC;,2;1003,5;1003,5;1003,2;;27,7;22,2;28;26,3;23,3;21,8;81;72;72;63;6,5;3,3;
2025/01/29;1400 UTC;0;1003,4;1003,6;1003,3;;29,1;22,3;29,2;27,4;22,9;21,6;73;66;67;49;7,6;3,8;
2025/01/29;1500 UTC;0;1003;1003,4;1003;;30,2;22;30,3;28,6;22,9;21,6;69;61;62;82;6,2;2,8;
2025/01/29;1600 UTC;0;1001,8;1003;1001,8;;31,3;22;31,5;29,4;23,2;21;64;58;58;32;6,3;2,4;
2025/01/29;1700 UTC;,2;1000,4;1001,8;1000,4;;30,5;22;31,8;28,4;23,1;21,3;69;55;60;43;8,6;3;
2025/01/29;1800 UTC;0;998,7;1000,4;998,7;;31,6;21,6;31,9;29,9;23,3;21,1;65;54;56;52;6,3;3,4;
2025/01/29;1900 UTC;1,8;997,5;998,7;997,5;;30,6;21,9;32,2;27,9;23,8;20,5;74;52;60;38;8,3;1,8;
2025/01/29;2000 UTC;0;997,1;997,5;997,1;;29,8;21,1;31,3;29,7;22,4;21;64;55;60;40;3,7;1,1;
2025/01/29;2100 UTC;0;997,2;997,2;996,9;;29,8;22;31,3;29,7;22,5;20,9;64;54;63;5;3,7;1,8;
2025/01/29;2200 UTC;0;998;998,2;997,2;;28,3;22,3;29,8;28,2;22,7;21,9;71;63;70;307;3,7;1,3;
2025/01/29;2300 UTC;0;999,1;999,1;998;;26,9;23,1;28,4;26,9;23,1;22,1;80;69;80;201;1,6;,8;
2025/01/30;0000 UTC;0;1000,3;1000,3;999,1;;26,6;23,2;26,9;26,6;23,2;23;82;80;82;233;1,6;,4;
2025/01/30;0100 UTC;0;1000,9;1000,9;1000,2;;26,6;22;26,9;26,4;23,3;21,8;82;74;76;143;3;,6;
2025/01/30;0200 UTC;0;1001,3;1001,5;1000,9;;25,8;21,1;26,6;25,8;22,2;21,1;78;75;75;91;2,6;,8;
2025/01/30;0300 UTC;0;1002,1;1002,2;1001,3;;25,4;21,7;25,8;25,4;22,3;21;82;75;80;359;4,3;1,9;
2025/01/30;0400 UTC;3,2;1002,2;1002,2;1001,7;;22,7;20,4;25,4;22,6;21,7;20,1;87;80;87;71;10,6;5,9;
2025/01/30;0500 UTC;5,6;1001,4;1002,2;1001,4;;22,3;20,2;22,8;22,3;20,5;20,2;88;87;88;71;10,6;1,5;
2025/01/30;0600 UTC;,6;1000,7;1001,4;1000,7;;22,4;20,4;22,5;22,3;20,4;20,3;88;88;88;8;3,5;,2;
2025/01/30;0700 UTC;1,2;1000,3;1000,7;1000,2;;22,5;20,5;22,6;22,4;20,6;20,4;89;88;89;247;2;,9;
2025/01/30;0800 UTC;,8;1000,2;1000,3;1000,1;;22,5;20,6;22,5;22,3;20,6;20,4;89;89;89;203;1,9;,1;
2025/01/30;0900 UTC;,2;1000,8;1000,8;1000,3;;22,5;20,6;22,5;22,4;20,6;20,5;89;89;89;71;2,3;,6;
2025/01/30;1000 UTC;0;1001,5;1001,5;1000,8;;22,8;20,9;22,8;22,5;20,9;20,6;89;89;89;231;2,1;,2;
2025/01/30;1100 UTC;0;1002,2;1002,2;1001,5;;23,5;21,4;23,6;22,7;21,6;20,8;89;88;88;244;1,1;0;
2025/01/30;1200 UTC;0;1002,9;1002,9;1002,2;;24,8;22,1;24,9;23,4;22,4;21,3;88;84;85;13;1,4;0;
2025/01/30;1300 UTC;0;1003,3;1003,3;1002,9;;28,3;23,1;28,7;24,8;24,3;22;85;73;74;24;3,6;1,8;
2025/01/30;1400 UTC;0;1002,9;1003,3;1002,9;;28,8;22,9;29,4;27,2;23,5;22,1;77;68;70;67;5;1,6;
2025/01/30;1500 UTC;0;1002,4;1002,9;1002,4;;30,2;22,9;30,3;28,5;23,8;22;72;64;65;33;5;2,4;
2025/01/30;1600 UTC;1,6;1001,7;1002,5;1001,7;;29,4;22,7;30,3;26,2;24,6;21,5;82;64;67;20;8,7;2,3;
2025/01/30;1700 UTC;0;1000,4;1001,7;1000,4;;29,8;22,7;29,9;27,4;24;22,3;77;65;66;47;7,2;1,5;
2025/01/30;1800 UTC;0;998,4;1000,4;998,4;;30,8;22,8;30,8;29,3;23,7;21,3;70;61;62;44;4,5;1,5;
2025/01/30;1900 UTC;0;997,8;998,4;997,8;;31,3;21,4;31,8;30,8;23,1;20,9;63;54;56;70;5,2;3;
2025/01/30;2000 UTC;0;997,3;998;997,3;;31,3;21,3;31,8;31,3;22,1;21,1;57;54;55;67;5,9;3,1;
2025/01/30;2100 UTC;0;997,7;997,7;997,2;;30,8;21,6;31,4;30,8;22;21,2;58;55;58;62;4,8;2;
2025/01/30;2200 UTC;0;998,4;998,4;997,7;;29,3;22,1;30,8;29,3;22,1;21,5;65;58;65;6;3,3;,7;
2025/01/30;2300 UTC;0;999;999;998,2;;27,7;22,7;29,3;27,5;23,1;22,1;76;65;74;315;3,7;1,5;
2025/01/31;0000 UTC;0;1000,6;1000,6;999;;26,8;22,6;27,7;26,8;22,7;22,6;78;74;78;326;3,7;,4;
2025/01/31;0100 UTC;3,4;1002,2;1002,3;1000,6;;23,7;20,5;26,8;23,7;22,7;20,5;82;77;82;56;10,8;4,9;
2025/01/31;0200 UTC;6;1001,8;1002,2;1001,8;;23,2;21;23,7;22,8;21;19,8;88;82;88;33;10,8;,6;
2025/01/31;0300 UTC;1,2;1002,6;1002,6;1001,7;;23,3;21,2;23,4;23,1;21,3;21;88;88;88;100;6,6;3,1;
2025/01/31;0400 UTC;9,4;1002,7;1002,8;1002,3;;23;21,1;23,3;23;21,2;21;89;88;89;62;6,9;3,8;
2025/01/31;0500 UTC;14;1002,1;1002,7;1002;;23;21,1;23;22,8;21,1;20,9;89;89;89;324;6,8;,4;
2025/01/31;0600 UTC;7;1001,2;1002,1;1001,2;;23;21,1;23;22,8;21,1;21;89;89;89;246;1,5;0;
2025/01/31;0700 UTC;3,2;1000,3;1001,2;1000,3;;23,1;21,2;23,1;22,9;21,2;21;89;89;89;198;0;0;
2025/01/31;0800 UTC;1,2;1000,3;1000,4;1000,2;;22,9;21;23,1;22,9;21,2;21;89;89;89;258;1,9;1,1;
2025/01/31;0900 UTC;0;1000,5;1000,6;1000,3;;22,8;21;22,9;22,8;21;21;89;89;89;271;3,2;1;
2025/01/31;1000 UTC;0;1000,9;1000,9;1000,5;;22,9;21;22,9;22,8;21,1;21;89;89;89;287;1,9;,6;
2025/01/31;1100 UTC;,2;1002,3;1002,3;1000,9;;23,3;21,5;23,4;22,9;21,5;21;89;89;89;188;1,8;0;
2025/01/31;1200 UTC;0;1002,8;1002,8;1002,3;;23,9;22;23,9;23,3;22;21,4;89;89;89;206;0;0;
2025/01/31;1300 UTC;0;1003,2;1003,2;1002,8;;25,5;22,8;25,6;23,9;22,9;21,9;89;85;85;173;0;0;
2025/01/31;1400 UTC;0;1003,2;1003,2;1003,1;;27,5;23,2;27,5;25,3;23,7;22,2;85;78;78;258;0;0;
2025/01/31;1500 UTC;0;1002,3;1003,2;1002,3;;28,8;23,4;28,8;26,9;24,1;22,3;80;72;73;1;2,3;,3;
2025/01/31;1600 UTC;0;1001,2;1002,3;1001,2;;28,6;23,1;29,1;28,2;23,5;22,3;74;69;72;43;3,4;1,6;
2025/01/31;1700 UTC;0;999,5;1001,2;999,5;;29,3;22,3;29,4;28,5;23,3;22;73;65;66;193;3,4;,2;
2025/01/31;1800 UTC;0;998,4;999,5;998,4;;29,2;22,4;29,8;28,9;23,2;21,9;69;65;67;225;2,5;1,1;
2025/01/31;1900 UTC;0;997,5;998,4;997,5;;30,2;23;30,6;29,2;23,7;22,3;69;64;65;219;2,3;,9;
2025/01/31;2000 UTC;0;997,5;997,5;997,4;;29,4;22,2;31;29,4;23,7;21,8;68;59;65;112;2,4;1,1;
2025/01/31;2100 UTC;0;997,9;997,9;997,4;;29,5;22,7;30,5;29,4;23,5;22,1;69;62;67;130;2;,2;
2025/01/31;2200 UTC;0;998,9;998,9;997,9;;27,7;22,9;29,5;27,7;22,9;22,4;75;67;75;69;5,7;,7;
2025/01/31;2300 UTC;0;1000,1;1000,1;998,9;;25,6;21,5;27,7;25,6;22,9;21,2;78;74;78;47;7,6;3,7;
2025/02/01;0000 UTC;0;1000,9;1000,9;1000,1;;25;21,8;25,6;25;21,8;21,4;83;78;83;60;6;1,5;
2025/02/01;0100 UTC;0;1001,9;1001,9;1000,9;;24,3;21,9;25;24,3;22;21,8;87;83;87;83;3,2;1,5;
2025/02/01;0200 UTC;0;1002,3;1002,3;1001,8;;24,1;21,9;24,3;24;22;21,8;88;87;88;110;2,4;0;
2025/02/01;0300 UTC;0;1002,1;1002,3;1001,9;;24,1;22;24,2;24,1;22;21,9;88;88;88;236;1;0;
2025/02/01;0400 UTC;,2;1001,9;1002,1;1001,9;;24,1;22,1;24,1;24;22,1;21,9;88;88;88;197;1,2;,3;
2025/02/01;0500 UTC;0;1001,3;1001,9;1001,3;;24;22;24,1;23,9;22,1;21,9;89;88;89;250;1,8;0;
2025/02/01;0600 UTC;0;1000,3;1001,3;1000,3;;23,8;21,8;24;23,8;22;21,8;89;89;89;228;0;0;
2025/02/01;0700 UTC;0;999,4;1000,3;999,4;;23,6;21,7;23,8;23,6;21,8;21,7;89;89;89;242;0;0;
2025/02/01;0800 UTC;0;999,2;999,4;999,1;;23,5;21,6;23,6;23,4;21,7;21,6;89;89;89;208;1,1;0;
2025/02/01;0900 UTC;0;999,3;999,3;999,1;;23,3;21,4;23,6;23,3;21,7;21,4;89;89;89;114;1,6;0;
2025/02/01;1000 UTC;0;1000,1;1000,1;999,3;;23,3;21,5;23,4;23,2;21,5;21,3;89;89;89;33;1,2;0;
2025/02/01;1100 UTC;0;1001,3;1001,3;1000,1;;24,5;22,5;24,7;23,3;22,8;21,4;89;89;89;246;,9;0;
2025/02/01;1200 UTC;0;1001,8;1001,8;1001,3;;25,6;22,6;25,7;24,5;23;22,2;89;83;84;50;2,7;1,5;
2025/02/01;1300 UTC;0;1002,3;1002,3;1001,8;;26,3;22,2;26,4;25,5;22,7;22,1;84;78;78;78;2,7;,6;
2025/02/01;1400 UTC;0;1002,2;1002,3;1002,2;;27,5;23,1;27,8;26;24,3;22,1;83;77;77;183;1,9;,5;
2025/02/01;1500 UTC;0;1001,6;1002,2;1001,6;;27,1;23;27,7;26,6;23,5;22,4;80;76;78;236;3;1;
2025/02/01;1600 UTC;0;1000,4;1001,6;1000,4;;28,7;23,1;30,5;27,1;24,7;22,2;79;64;72;29;3,3;1,2;
2025/02/01;1700 UTC;0;998,7;1000,4;998,7;;29,6;22,8;29,8;28;23,8;22,5;75;66;67;295;6,8;2,5;
2025/02/01;1800 UTC;0;997,3;998,7;997,3;;29,5;21,7;31,4;29,5;23,6;21,4;69;60;63;2;5,2;2,5;
2025/02/01;1900 UTC;0;996,3;997,3;996,3;;30,5;22,7;31,5;29,5;24,2;21,7;66;59;63;9;6;2,2;
2025/02/01;2000 UTC;0;996,4;996,4;996,3;;29,7;21,8;31,1;29,7;23,1;21,2;65;58;63;19;5,5;2,2;
2025/02/01;2100 UTC;0;996,5;996,5;996,3;;28,7;22,4;30,5;28,7;22,6;21,2;69;60;69;291;5,9;3,3;
2025/02/01;2200 UTC;0;997,8;997,8;996,5;;27,2;22,7;28,7;27,2;22,7;22;77;68;77;22;5,6;1,5;
2025/02/01;2300 UTC;0;998,3;998,3;997,8;;26,3;22,6;27,2;26,3;23;22,6;81;76;80;18;3,7;,7;
2025/02/02;0000 UTC;0;999,3;999,3;998,4;;25,9;22,6;26,3;25,9;22,7;22,5;82;80;82;27;2,5;1;
2025/02/02;0100 UTC;0;1000,5;1000,5;999,3;;25,2;21,2;25,9;25,2;22,7;21,2;83;78;78;23;5,4;2,3;
2025/02/02;0200 UTC;,4;1000,9;1000,9;1000,5;;24,4;21,4;25,2;24,3;21,7;21,2;84;79;84;42;5,4;1,8;
2025/02/02;0300 UTC;,2;1001;1001,1;1000,9;;23,7;21,5;24,4;23,7;21,5;21,3;88;83;88;62;4,9;2,4;
2025/02/02;0400 UTC;0;1000,4;1001;1000,4;;23,3;20,5;23,8;23,3;21,6;20,5;88;84;84;64;6,9;4,5;
2025/02/02;0500 UTC;0;999,6;1000,4;999,6;;22,6;19,9;23,3;22,6;20,4;19,9;85;84;85;77;6,9;2,3;
2025/02/02;0600 UTC;0;999,3;999,6;999,3;;22,6;20;22,6;22,5;20,2;19,9;86;85;86;73;4;1,2;
2025/02/02;0700 UTC;0;999,2;999,4;999,2;;22,5;20,1;22,7;22,5;20,2;20;86;86;86;69;2,1;,9;
2025/02/02;0800 UTC;0;999,2;999,2;999,1;;22,6;20,4;22,6;22,5;20,4;20,2;87;86;87;104;1,5;,4;
2025/02/02;0900 UTC;0;999,7;999,7;999,2;;22,7;20,5;22,7;22,5;20,5;20,4;88;87;88;103;1,3;,4;
2025/02/02;1000 UTC;0;1000,1;1000,1;999,6;;22,7;20,7;22,7;22,6;20,7;20,4;88;88;88;133;1;0;
2025/02/02;1100 UTC;0;1000,9;1000,9;1000,1;;23,3;21,2;23,3;22,7;21,2;20,6;88;88;88;94;1,1;,3;
2025/02/02;1200 UTC;0;1001,3;1001,3;1000,9;;24,2;21,5;24,3;23,1;21,5;20,9;88;84;84;41;1,4;,5;
2025/02/02;1300 UTC;,2;1001,8;1001,8;1001,3;;24,9;21,4;25,4;24,2;22,1;21,1;85;80;81;45;3,2;1,7;
2025/02/02;1400 UTC;0;1002;1002,2;1001,8;;26,1;22,2;26,1;24,9;22,2;21,3;81;78;79;177;3,2;,1;
2025/02/02;1500 UTC;0;1001,6;1002;1001,6;;26,9;21,7;27;25,9;22,7;21,5;79;73;73;211;2,4;,5;
2025/02/02;1600 UTC;0;1001;1001,6;1001;;27,5;21,6;28,3;26,7;22,6;21,2;76;68;70;146;2,4;,8;
2025/02/02;1700 UTC;0;999,8;1001;999,8;;28,3;22,2;28,5;27,3;23;21,1;73;68;69;197;2,2;,6;
2025/02/02;1800 UTC;0;998,5;999,8;998,5;;29,1;22,2;29,5;27,8;22,9;21,3;71;64;66;59;2,3;,7;
2025/02/02;1900 UTC;0;997,5;998,5;997,5;;28,8;21,9;30,1;28,7;23,1;21,2;68;61;66;196;3;1;
2025/02/02;2000 UTC;0;997,1;997,5;997,1;;29,4;22,1;29,5;28,5;22,7;21,8;70;65;65;207;3,8;1,8;
2025/02/02;2100 UTC;0;997,2;997,2;996,9;;29;22,3;30,1;28,7;22,7;21,8;68;62;67;218;4,3;1,6;
2025/02/02;2200 UTC;0;997,9;997,9;997,2;;27,5;22,3;29,1;27,5;22,4;21,9;73;66;73;197;2,8;,4;
2025/02/02;2300 UTC;0;998,2;998,3;997,9;;26,2;22,7;27,5;26,2;22,7;22,2;81;73;81;295;2,5;1;
2025/02/03;0000 UTC;0;999;999;998,1;;25,7;22,9;26,2;25,6;22,9;22,6;84;81;84;103;1,8;,4;
2025/02/03;0100 UTC;0;999,9;999,9;999;;25,6;22,8;25,8;25,6;22,9;22,8;85;84;84;84;1,7;,2;
2025/02/03;0200 UTC;0;1000,3;1000,4;999,9;;24,3;20,8;25,6;24,3;22,8;20,7;85;80;80;116;4,3;1,6;
2025/02/03;0300 UTC;0;1000,1;1000,5;1000,1;;24,1;20,6;24,3;24;20,7;20,6;81;80;81;108;3,5;,4;
2025/02/03;0400 UTC;0;1000,1;1000,5;1000,1;;24,1;20,9;24,2;24;21;20,7;83;81;82;40;6;2,8;
2025/02/03;0500 UTC;0;999,7;1000,1;999,7;;23,7;20,6;24,1;23,7;20,9;20,5;83;81;83;52;5,7;2,1;
2025/02/03;0600 UTC;0;999,2;999,7;999,2;;23,4;20,6;23,7;23,4;20,7;20,6;85;83;84;61;5,3;,7;
2025/02/03;0700 UTC;0;999,1;999,2;999;;23,4;20,5;23,5;23,4;20,8;20,5;85;84;84;61;2,9;1,8;
2025/02/03;0800 UTC;0;999,1;999,1;999;;23,4;20,7;23,4;23,4;20,7;20,5;85;84;85;72;2,9;,6;
2025/02/03;0900 UTC;0;999,1;999,2;998,9;;23,2;20,7;23,4;23,2;20,7;20,6;86;85;86;156;1,6;,2;
2025/02/03;1000 UTC;0;999,8;999,8;999,1;;23,2;21;23,3;23;21;20,7;87;86;87;218;1;,5;
2025/02/03;1100 UTC;0;1000,8;1000,8;999,8;;23,9;21,4;23,9;23,2;21,4;21;88;86;86;269;1;,1;
2025/02/03;1200 UTC;0;1001,3;1001,4;1000,8;;24,9;21,4;25;23,9;21,8;21,1;86;81;81;121;1,6;,5;
2025/02/03;1300 UTC;0;1001,6;1001,6;1001,3;;26,4;21,2;26,8;24,9;22,4;21;81;72;73;100;3,6;2;
2025/02/03;1400 UTC;0;1001,1;1001,6;1001,1;;28,2;21,9;28,2;26,3;22,4;21,1;75;69;69;170;4,4;1,6;
2025/02/03;1500 UTC;0;1000,7;1001,1;1000,7;;30,3;22,7;30,4;27,7;23,5;21,2;72;60;64;151;5,3;1,6;
2025/02/03;1600 UTC;0;999,7;1000,7;999,7;;31;21,5;31,3;29,2;23,7;21,1;69;57;57;107;4,5;1,9;
2025/02/03;1700 UTC;0;998,7;999,7;998,7;;32,2;21,6;32,4;30,2;22,8;20,2;61;51;54;170;6,8;1,2;
2025/02/03;1800 UTC;0;997,7;998,7;997,7;;31,2;20,6;32,4;31,2;21,9;19,4;56;49;53;149;5,6;1,7;
2025/02/03;1900 UTC;0;996,5;997,7;996,5;;30,8;21,3;31,8;30,8;22,4;20,2;59;53;57;88;4,2;1,7;
2025/02/03;2000 UTC;0;996;996,5;996;;30,6;21,6;31,2;30,3;21,9;20,8;61;56;59;104;3,6;2,1;
2025/02/03;2100 UTC;0;996,1;996,1;995,9;;30,3;21,1;30,9;30,3;22;20,7;60;56;58;108;5,1;2,2;
2025/02/03;2200 UTC;0;996,8;996,8;996,1;;29;21,6;30,3;29;21,7;21;64;58;64;101;3,8;,5;
2025/02/03;2300 UTC;0;997,9;997,9;996,8;;27,3;22,1;29;27,3;22,5;21,7;73;64;73;291;2,5;,5;
2025/02/04;0000 UTC;0;999;999;997,9;;27,2;22,7;27,6;27,2;22,7;22,2;76;73;76;26;2,8;,9;
2025/02/04;0100 UTC;0;999,9;999,9;999;;26,3;22,9;27,2;26,3;22,9;22,6;81;76;81;122;,9;0;
2025/02/04;0200 UTC;0;1000,7;1000,7;999,9;;25,7;22,9;26,3;25,7;23;22,7;85;81;85;114;3,9;,9;
2025/02/04;0300 UTC;0;1000,9;1001,1;1000,6;;24,9;21,2;26;24,9;22,9;21,1;85;78;80;66;7,5;2,6;
2025/02/04;0400 UTC;0;1000,6;1001;1000,6;;24,4;21,1;24,9;24,4;21,4;21;82;80;82;62;6,4;2;
2025/02/04;0500 UTC;,2;1000,2;1000,6;1000,2;;24;21,4;24,4;23,9;21,4;21;85;82;85;54;4,7;2,2;
2025/02/04;0600 UTC;0;999,9;1000,3;999,9;;23,6;20,7;24,1;23,6;21,3;20,7;85;81;84;68;9,6;4,7;
2025/02/04;0700 UTC;1,4;1000;1000;999,7;;23,2;20,8;23,6;23;20,9;20,7;87;84;87;63;8,3;3,9;
2025/02/04;0800 UTC;1,4;1000,4;1000,4;1000;;22,6;20,4;23,2;22,5;20,8;20,4;88;86;88;42;7,6;1,7;
2025/02/04;0900 UTC;,6;1000,4;1000,4;1000,2;;22,1;20;22,5;22,1;20,4;20;88;88;88;354;4,3;,7;
2025/02/04;1000 UTC;,2;1000,6;1000,6;1000,4;;22,1;20,1;22,2;22;20,2;19,9;89;88;88;9;1,9;0;
2025/02/04;1100 UTC;0;1001,4;1001,4;1000,6;;22,7;20,5;22,8;22;20,8;20;89;87;87;184;1,6;,5;
2025/02/04;1200 UTC;0;1002;1002,1;1001,4;;23,7;21,1;23,9;22,7;21,6;20,5;88;85;85;174;3,5;1,5;
2025/02/04;1300 UTC;0;1001,7;1002;1001,7;;24;21,1;24;23,5;21,4;20,8;86;84;84;251;3,6;1,9;
2025/02/04;1400 UTC;0;1001,5;1001,9;1001,5;;24,8;21,6;24,8;23,9;21,6;21;84;82;83;240;3,7;2,1;
2025/02/04;1500 UTC;0;1001,1;1001,6;1001,1;;26,2;21,8;26,3;24,7;22,2;21,4;83;76;77;207;3,2;,6;
2025/02/04;1600 UTC;0;1000,3;1001,1;1000,3;;26,8;22;27,5;26,2;22,8;21,3;77;72;75;236;2,4;,6;
2025/02/04;1700 UTC;0;999,2;1000,3;999,2;;28,6;22,7;28,6;26,6;22,9;21,6;76;69;71;236;2,8;1,4;
2025/02/04;1800 UTC;0;998,4;999,2;998,4;;30,2;21,2;30,7;28,4;23,1;20,5;70;59;59;168;3,8;1;
2025/02/04;1900 UTC;0;997,7;998,4;997,7;;29,7;21,6;30,7;29,4;22,6;20,2;64;55;62;50;5,1;1,9;
2025/02/04;2000 UTC;0;997,4;997,7;997,3;;29,5;21,1;30,1;29,3;22;20,7;64;59;61;108;4,8;1,3;
2025/02/04;2100 UTC;0;997,6;997,6;997,3;;28,7;21;29,8;28,6;21,4;20,6;64;59;63;74;3,4;1,4;
2025/02/04;2200 UTC;0;998;998;997,6;;27,3;22,2;28,7;27,3;22,2;20,9;74;63;74;281;2,6;,9;
2025/02/04;2300 UTC;0;998,5;998,5;998;;26;22,3;27,3;26;22,6;22,3;81;74;80;358;1,6;,6;
2025/02/05;0000 UTC;0;999,3;999,3;998,5;;25,4;22,5;26,1;25,3;22,5;22,2;84;80;84;291;1,3;,2;
2025/02/05;0100 UTC;0;1000,1;1000,1;999,3;;24,6;22,1;25,4;24,6;22,4;22,1;86;83;86;279;1,1;,5;
2025/02/05;0200 UTC;0;1000,4;1000,4;1000,1;;24,4;22,1;24,8;24,4;22,3;22,1;87;86;87;235;,9;0;
2025/02/05;0300 UTC;0;1000,2;1000,4;1000,1;;23,9;21,8;24,5;23,9;22,2;21,8;88;87;88;245;,8;,3;
2025/02/05;0400 UTC;0;999,2;1000,2;999,2;;23,7;21,7;24,1;23,7;22;21,7;89;88;89;292;2,2;1,4;
2025/02/05;0500 UTC;0;999,4;999,5;999,2;;23,8;21,8;23,8;23,7;21,8;21,7;89;88;89;186;2,2;,2;
2025/02/05;0600 UTC;0;999,2;999,4;999,1;;23,8;21,8;23,9;23,7;21,9;21,8;89;89;89;277;1,3;0;
2025/02/05;0700 UTC;0;999,2;999,3;999,1;;23,6;21,7;23,8;23,5;21,9;21,7;89;89;89;256;1,6;,3;
2025/02/05;0800 UTC;0;999,5;999,5;999,2;;23,7;21,9;23,8;23,6;21,9;21,7;89;89;89;288;,8;0;
2025/02/05;0900 UTC;0;999,8;999,9;999,5;;23,7;21,8;23,8;23,6;21,9;21,7;89;89;89;154;1;0;
2025/02/05;1000 UTC;0;1000,2;1000,2;999,7;;23,7;21,9;23,7;23,5;21,9;21,7;90;89;90;261;,8;0;
2025/02/05;1100 UTC;0;1001;1001;1000,2;;25,8;23,9;25,8;23,7;23,9;21,9;90;88;89;254;1,4;,3;
2025/02/05;1200 UTC;0;1001,6;1001,6;1001;;27,4;22,1;27,6;25,8;24,2;22;89;73;73;82;3,6;2,2;
2025/02/05;1300 UTC;0;1002;1002,1;1001,6;;28,4;22,5;28,4;27;23,1;21,6;74;70;71;46;3,6;1;
2025/02/05;1400 UTC;0;1001,5;1002;1001,5;;29,5;22,7;29,9;28,1;23,1;21,9;71;64;67;73;3,6;1,7;
2025/02/05;1500 UTC;0;1000,9;1001,6;1000,9;;29,8;22,4;30,6;29,1;23,5;22,1;68;62;65;85;4;,7;
2025/02/05;1600 UTC;0;999,8;1000,9;999,8;;31,9;21,6;32,5;29,7;23,5;21,4;67;55;55;122;5,1;2,4;
2025/02/05;1700 UTC;0;998,6;999,8;998,6;;31,7;21;32,9;31,4;23,2;20,8;60;51;53;86;6;3,8;
2025/02/05;1800 UTC;0;997;998,6;997;;32,5;21,6;32,5;31,3;21,9;20,5;55;51;52;81;6,6;3;
2025/02/05;1900 UTC;0;996;997;996;;32,3;20,2;33,2;31,6;21,8;20,2;54;48;49;103;6,5;2,7;
2025/02/05;2000 UTC;0;995,5;996;995,4;;32,1;20,2;32,9;32;21,4;20;52;49;50;125;5,6;3;
2025/02/05;2100 UTC;0;995,7;995,8;995,5;;30,9;20,9;32,2;30,9;21,2;20,1;56;49;55;128;6;,9;
2025/02/05;2200 UTC;0;997,1;997,1;995,7;;29,7;21,1;30,9;29,7;21,4;20,8;61;55;60;82;2,6;1,2;
2025/02/05;2300 UTC;0;998,1;998,1;997,1;;29,1;21,4;29,7;28,8;21,9;21,1;66;60;63;70;3,4;1,9;
2025/02/06;0000 UTC;0;998,6;998,7;998,1;;26;20,7;29,1;26;22,4;20,7;73;63;73;60;10,6;3,3;
2025/02/06;0100 UTC;0;998,7;998,8;998,6;;25,2;20,9;26;25,2;20,9;20,3;77;73;77;344;7,6;,4;
2025/02/06;0200 UTC;0;999,9;999,9;998,7;;24,5;20,8;25,2;24,5;20,8;20,6;80;77;80;38;4,3;1,6;
2025/02/06;0300 UTC;0;1000,2;1000,2;999,9;;24,5;21,2;24,5;24,3;21,2;20,8;82;80;82;101;2,9;,5;
2025/02/06;0400 UTC;0;1000;1000,3;1000;;24,4;21,2;24,5;24,3;21,2;21,2;83;82;83;69;3,6;1,6;
2025/02/06;0500 UTC;0;999,5;1000;999,5;;24,2;21,2;24,4;24,2;21,3;21,2;83;82;83;34;3,5;1,1;
2025/02/06;0600 UTC;0;999,2;999,5;999,2;;24,1;21,3;24,3;24,1;21,3;21,2;84;83;84;18;3,2;1;
2025/02/06;0700 UTC;0;998,6;999,2;998,4;;23,8;21,2;24,1;23,8;21,4;21,2;86;84;86;84;2,4;,7;
2025/02/06;0800 UTC;0;999,3;999,3;998,6;;23,7;21,3;23,8;23,7;21,4;21,2;87;86;87;43;1,4;,8;
2025/02/06;0900 UTC;0;999,8;999,8;999,3;;23,6;21,4;23,7;23,6;21,5;21,3;88;87;88;319;1,4;,6;
2025/02/06;1000 UTC;0;1000,7;1000,7;999,8;;23,6;21,6;23,6;23,4;21,6;21,3;89;88;89;178;1,2;,5;
2025/02/06;1100 UTC;0;1001,7;1001,7;1000,7;;24,5;22;24,6;23,6;22,3;21,5;89;86;86;94;1,5;,5;
2025/02/06;1200 UTC;0;1002;1002;1001,7;;27,2;22,8;27,2;24,5;22,8;21,8;86;77;77;129;2,1;,6;
2025/02/06;1300 UTC;0;1002,3;1002,3;1002;;28;22,2;28;26,4;23,1;21,8;78;71;71;76;3,1;1,2;
2025/02/06;1400 UTC;0;1002,1;1002,4;1002;;30;22;30,4;28;23,5;21,7;71;62;63;83;5,5;2,1;
2025/02/06;1500 UTC;0;1001,5;1002,1;1001,5;;30,1;21,8;30,4;29,1;22,6;21,3;65;60;61;89;5,2;2,5;
2025/02/06;1600 UTC;0;1000,5;1001,5;1000,5;;29,5;23,1;30,8;29,1;23,2;21,1;69;57;68;93;4,8;2,7;
2025/02/06;1700 UTC;0;999,4;1000,5;999,4;;27,7;22,6;31,2;27,7;23,8;22,2;74;60;74;112;7,6;4,5;
2025/02/06;1800 UTC;4;998,1;999,4;998,1;;25,4;22,5;27,7;24,8;22,9;21,5;86;74;84;226;7,6;,1;
2025/02/06;1900 UTC;0;997,2;998,1;997,2;;28;23,4;28;25,4;24,7;22,6;85;76;76;163;1,6;,6;
2025/02/06;2000 UTC;0;996,7;997,3;996,4;;28;23;28,8;27,8;24,3;22,6;77;72;75;100;1,6;,1;
2025/02/06;2100 UTC;0;996,6;996,8;996,6;;27,6;23,6;28,2;27,6;23,7;23,1;79;75;79;213;2;,9;
2025/02/06;2200 UTC;0;997,9;997,9;996,6;;26,8;23,5;27,6;26,7;23,7;23,4;83;79;82;232;2;,5;
2025/02/06;2300 UTC;0;998,6;998,6;997,9;;26,2;23,4;26,8;26,2;23,5;23,3;85;82;85;191;1,4;,3;
2025/02/07;0000 UTC;2,4;999,8;999,8;998,6;;23,7;21,5;26,2;23,6;23,6;21,1;88;81;87;76;11,9;4;
2025/02/07;0100 UTC;0;999,7;999,8;999,6;;24;21,4;24,1;23,7;21,5;21,2;87;85;86;86;7,1;,1;
2025/02/07;0200 UTC;,2;1001,2;1001,2;999,6;;23,7;21,6;24;23,7;21,9;21,4;88;86;88;20;3;1,3;
2025/02/07;0300 UTC;,2;1001,3;1001,7;1001,1;;23,9;21,8;23,9;23,6;21,9;21,5;88;88;88;36;5,5;1,1;
2025/02/07;0400 UTC;0;1000,3;1001,3;1000,3;;23,8;21,8;23,9;23,8;21,9;21,8;89;88;88;56;2,9;1;
2025/02/07;0500 UTC;0;999,5;1000,3;999,5;;23,7;21,8;23,8;23,7;21,8;21,8;89;88;89;33;2,1;,2;
2025/02/07;0600 UTC;0;999,5;999,6;999,5;;23,7;21,7;23,8;23,6;21,8;21,6;89;89;89;61;2,2;,4;
2025/02/07;0700 UTC;0;999,2;999,5;999,1;;23,5;21,4;23,7;23,5;21,7;21,4;89;88;88;24;2,3;1,1;
2025/02/07;0800 UTC;0;999,2;999,2;999;;23,5;21,4;23,5;23,4;21,4;21,3;88;88;88;358;2,3;,2;
2025/02/07;0900 UTC;0;999,7;999,7;999,2;;23,3;21,3;23,5;23,3;21,4;21,3;89;88;89;33;1,9;1;
2025/02/07;1000 UTC;0;999,8;999,8;999,7;;23,3;21,4;23,3;23,3;21,4;21,3;89;89;89;92;1,9;0;
2025/02/07;1100 UTC;0;1000,7;1000,7;999,8;;24,2;22,2;24,2;23,3;22,2;21,4;89;88;88;148;1,3;,5;
2025/02/07;1200 UTC;0;1001;1001;1000,7;;27,1;23,4;27,1;24,1;23,4;21,7;88;79;80;131;2,9;1;
2025/02/07;1300 UTC;0;1001,1;1001,2;1001;;27,8;22,4;28;26,9;23,7;21,7;80;71;72;65;5,8;3,2;
2025/02/07;1400 UTC;0;1000,9;1001,2;1000,9;;28,4;22,2;29;27,4;22,6;21,7;73;67;69;63;7,9;4,2;
2025/02/07;1500 UTC;0;1000,3;1001;1000,3;;28,9;22,4;29,4;28,4;23,1;22;71;67;68;23;6,6;2,4;
2025/02/07;1600 UTC;0;999,4;1000,3;999,4;;30,4;24,2;30,4;28,9;24,2;22;70;64;69;331;4,7;1,8;
2025/02/07;1700 UTC;0;998,3;999,4;998,3;;31,4;22,7;31,8;30,2;24,1;22,1;69;57;60;44;5,6;1,2;
2025/02/07;1800 UTC;0;997,1;998,3;997,1;;32,1;22,7;32,4;30,3;23,1;21,5;63;56;58;66;5,1;1,7;
2025/02/07;1900 UTC;0;995,9;997,1;995,9;;31,5;22,3;32,5;30,8;23,1;21,7;61;54;58;51;5,2;1,8;
2025/02/07;2000 UTC;0;995,3;995,9;995,3;;31,7;21,9;32,3;30,7;23;21,5;62;54;56;62;4,2;1,3;
2025/02/07;2100 UTC;0;995,8;995,8;995,3;;30,8;21,9;32,1;30,3;22,3;21,4;61;54;59;89;4,6;1,4;
2025/02/07;2200 UTC;0;996,8;996,8;995,8;;29,1;22,1;30,8;29,1;22,4;21,9;66;59;66;71;2,5;1,2;
2025/02/07;2300 UTC;0;997,9;997,9;996,8;;28,3;23,1;29,1;28,3;23,2;22,2;74;66;74;51;2,3;,3;
2025/02/08;0000 UTC;0;998,8;998,8;997,9;;27,1;22,5;28,4;27,1;23,5;22,4;79;74;76;298;2,3;1,6;
2025/02/08;0100 UTC;0;999,4;999,5;998,8;;26,2;22,9;27,4;26,1;22,9;22,5;82;75;82;179;2,3;,3;
2025/02/08;0200 UTC;1,6;1000,8;1000,8;999,4;;23,8;21,6;26,4;23,8;23,1;21,2;87;75;87;72;17;2,3;
2025/02/08;0300 UTC;,6;1000,4;1000,8;1000,2;;24;21,9;24;23,7;22;21,6;88;87;88;212;4,6;,1;
2025/02/08;0400 UTC;,2;999,8;1000,4;999,7;;23,8;21,9;24;23,8;22;21,8;89;88;89;47;3;1,7;
2025/02/08;0500 UTC;0;999,6;999,8;999,5;;23,8;22;23,8;23,7;22;21,8;89;89;89;30;3;,6;
2025/02/08;0600 UTC;0;998,6;999,6;998,6;;23,7;21,8;23,9;23,7;22;21,8;89;89;89;24;2,9;1,4;
2025/02/08;0700 UTC;0;998,9;998,9;998,6;;23,7;21,9;23,7;23,6;21,9;21,8;90;89;89;38;3,1;1,3;
2025/02/08;0800 UTC;0;998,9;999;998,8;;23,8;21,9;23,8;23,7;22;21,9;90;89;89;29;3,3;1,4;
2025/02/08;0900 UTC;0;999,3;999,3;998,9;;23,8;21,9;23,9;23,7;22;21,9;89;89;89;41;3,1;1,3;
2025/02/08;1000 UTC;0;999,7;999,7;999,2;;24;22,1;24;23,8;22,1;21,9;89;89;89;340;2,5;,1;
2025/02/08;1100 UTC;0;1000,5;1000,5;999,7;;25,2;22,6;25,2;24;22,9;22,1;89;85;85;40;2,1;,5;
2025/02/08;1200 UTC;0;1001,4;1001,4;1000,5;;25,8;22;26,2;25;22,9;22;85;79;79;43;4,2;2;
2025/02/08;1300 UTC;0;1001,5;1001,7;1001,4;;26,6;22,5;27;25,8;22,8;21,9;80;76;78;45;5,1;2,1;
2025/02/08;1400 UTC;0;1001,3;1001,5;1001,3;;27,5;22,2;27,7;26,6;23,1;22;79;72;73;71;4,3;2,4;
2025/02/08;1500 UTC;0;1000,5;1001,3;1000,5;;29,2;22,9;29,2;27,5;22,9;22;73;67;69;45;4,7;2,7;
2025/02/08;1600 UTC;0;999,5;1000,5;999,5;;29,5;22,5;29,8;28,6;22,8;21,7;69;64;66;3;5,8;1,3;
2025/02/08;1700 UTC;0;997,8;999,5;997,8;;30,5;23,3;31,3;29,5;23,3;21,9;67;59;65;12;4,5;2,2;
2025/02/08;1800 UTC;0;996,3;997,8;996,3;;30,8;22,2;32,2;30,5;23,9;21,5;67;55;60;41;4,5;2;
2025/02/08;1900 UTC;0;995,7;996,3;995,7;;31,6;22;31,9;30,6;22,9;21,3;64;56;57;55;4,6;1,6;
2025/02/08;2000 UTC;,2;995,5;995,7;995,4;;30,8;22;31,6;28,9;23,3;21,5;71;56;59;63;7,3;1,2;
2025/02/08;2100 UTC;0;995,9;995,9;995,5;;30,7;21,8;31,5;30,5;22,6;21,4;61;56;59;22;4;1,7;
2025/02/08;2200 UTC;,2;997,6;997,6;995,9;;27,3;22,9;30,7;27,1;22,9;21,6;77;59;77;89;6,6;2,2;
2025/02/08;2300 UTC;18,6;998,7;998,8;997,6;;23,8;22,1;27,3;23,1;22,8;21,2;90;75;90;283;13,1;1,4;
2025/02/09;0000 UTC;0;1000;1000;998,7;;24,5;22,7;24,5;23,8;22,8;22,1;90;90;90;351;2,8;,3;
2025/02/09;0100 UTC;0;1001;1001;1000,1;;24,8;23;24,9;24,5;23,1;22,7;90;90;90;48;1,8;,5;
2025/02/09;0200 UTC;0;1001,6;1001,6;1001;;24,6;22,9;24,9;24,6;23,1;22,8;90;90;90;102;1,8;,6;
2025/02/09;0300 UTC;,2;1001,4;1001,7;1001,4;;24,7;23;24,7;24,6;23;22,8;90;90;90;217;1,8;,3;
2025/02/09;0400 UTC;1,6;1000,8;1001,4;1000,8;;24,6;22,8;24,8;24,5;23;22,8;90;90;90;243;1,5;,3;
2025/02/09;0500 UTC;11;1000,6;1000,8;1000,4;;22,9;21,2;24,7;22,9;23;21,2;90;90;90;81;6,5;3,5;
2025/02/09;0600 UTC;13,2;1000,4;1000,7;1000,3;;23;21,3;23;22,8;21,3;21,2;90;90;90;55;6;1,3;
2025/02/09;0700 UTC;5,2;1000,3;1000,5;1000,1;;23,1;21,4;23,2;23;21,5;21,3;90;90;90;336;2,3;0;
2025/02/09;0800 UTC;5,4;1000,2;1000,3;1000,1;;23,3;21,6;23,3;23,1;21,6;21,4;90;90;90;89;1,3;,2;
2025/02/09;0900 UTC;3,4;1000;1000,2;999,9;;23,2;21,5;23,3;23,2;21,6;21,5;90;90;90;92;1,5;,4;
2025/02/09;1000 UTC;2,6;1000,1;1000,1;1000;;23,2;21,5;23,3;23,1;21,7;21,5;90;90;90;294;1,6;1;
2025/02/09;1100 UTC;1;1000,9;1000,9;1000,1;;23,3;21,7;23,3;23,1;21,7;21,4;90;90;90;272;1,8;,1;
2025/02/09;1200 UTC;,6;1001,4;1001,4;1000,9;;23,7;22;23,8;23,3;22,1;21,6;90;90;90;17;2;,5;
2025/02/09;1300 UTC;,6;1002,1;1002,1;1001,4;;23,9;22,2;24,1;23,6;22,4;21,9;90;90;90;26;2,6;,4;
2025/02/09;1400 UTC;,6;1002,2;1002,2;1002,1;;24,5;22,8;24,6;23,9;22,8;22,2;90;90;90;28;2,1;,8;
2025/02/09;1500 UTC;0;1001,8;1002,2;1001,8;;25,5;23,3;25,7;24,5;23,7;22,7;90;88;88;49;2,9;1,6;
2025/02/09;1600 UTC;0;1000,9;1001,8;1000,9;;28,4;23,9;28,4;25,5;24,1;23,1;88;74;76;39;2,6;,9;
2025/02/09;1700 UTC;0;1000;1000,9;1000;;27,9;22,2;28,7;27,4;24,2;21,7;77;69;71;100;4,4;1,9;
2025/02/09;1800 UTC;0;998,6;1000;998,6;;29,2;22,4;29,4;27,7;23,5;21,8;75;67;67;152;3,4;,7;
2025/02/09;1900 UTC;0;997,5;998,6;997,5;;29,2;22,6;29,4;28,7;23;21,6;70;65;68;184;2,5;,4;
2025/02/09;2000 UTC;0;997,7;997,7;997,4;;28,1;22,1;29,3;28,1;23;21,6;70;66;70;80;3,1;1,8;
2025/02/09;2100 UTC;0;998;998;997,7;;27,5;22,6;28,1;27,5;22,7;21,9;75;70;74;109;3,3;,3;
2025/02/09;2200 UTC;0;998,9;999;998;;25,5;21,8;27,5;25,5;22,8;21,8;81;74;80;310;4,6;2,1;
2025/02/09;2300 UTC;0;1000;1000;998,9;;25,6;22,4;25,7;25,5;22,4;21,7;83;80;83;283;2,9;0;
2025/02/10;0000 UTC;4,2;1001,2;1001,2;1000;;24,1;22,1;25,6;24,1;22,6;22;88;82;88;19;5,8;2,3;
2025/02/10;0100 UTC;7,4;1001,6;1001,7;1001,3;;23,9;22,1;24,2;23,9;22,2;22,1;90;88;89;260;3,4;,7;
2025/02/10;0200 UTC;20;1002,8;1003;1001,6;;21,5;19,8;24;21,4;22,2;19,6;90;87;90;61;13,3;5,6;
2025/02/10;0300 UTC;5,4;1002,2;1002,8;1002,2;;21,7;20;21,7;21,2;20;19,5;90;90;90;11;13,3;,8;
2025/02/10;0400 UTC;5,6;1002,1;1002,3;1002,1;;21,7;20;21,8;21,6;20,1;19,9;90;90;90;261;3;0;
2025/02/10;0500 UTC;3,4;1001,2;1002,1;1001,2;;21,7;20;21,7;21,6;20;19,8;90;90;90;331;1,5;,1;
2025/02/10;0600 UTC;,8;1000,7;1001,2;1000,7;;21,7;20;21,8;21,6;20,1;19,9;90;90;90;250;1,1;,3;
2025/02/10;0700 UTC;,8;1000,7;1000,7;1000,6;;21,8;20,2;21,8;21,7;20,2;20;90;90;90;277;1;,1;
2025/02/10;0800 UTC;1;1001;1001;1000,7;;21,9;20,2;22;21,8;20,3;20,1;90;90;90;273;1,5;,5;
2025/02/10;0900 UTC;1,6;1001,2;1001,2;1001;;22;20,4;22;21,9;20,4;20,2;90;90;90;259;1,4;0;
2025/02/10;1000 UTC;,8;1001,8;1001,8;1001,2;;22,1;20,4;22,1;22;20,4;20,3;90;90;90;209;1,7;,8;
2025/02/10;1100 UTC;,4;1002,8;1002,8;1001,8;;22,2;20,5;22,2;22,1;20,5;20,4;90;90;90;229;3;1,4;
2025/02/10;1200 UTC;,2;1003,4;1003,5;1002,8;;22,6;20,9;22,6;22,1;21;20,4;90;90;90;228;3,3;1,4;
2025/02/10;1300 UTC;,2;1003,3;1003,5;1003,3;;23,7;21,9;23,7;22,6;21,9;20,9;90;90;90;237;2,6;,8;
2025/02/10;1400 UTC;0;1003;1003,3;1003;;24,5;21,6;24,8;23,5;22,7;21,6;90;84;84;299;2,7;1,2;
2025/02/10;1500 UTC;0;1002,5;1003;1002,5;;26,1;22,2;26,1;24,4;22,2;21,5;84;79;79;31;3;,7;
2025/02/10;1600 UTC;0;1001,8;1002,5;1001,8;;26,8;21,9;27;26;22,5;21,5;79;74;75;326;3,1;1,2;
2025/02/10;1700 UTC;0;1000,4;1001,8;1000,4;;27,1;21,3;27,7;26,6;22,7;21,2;76;71;71;310;3,8;1,5;
2025/02/10;1800 UTC;0;999,7;1000,4;999,7;;26,7;22;27,3;26,6;22,1;21,2;75;71;75;353;3,8;1,1;
2025/02/10;1900 UTC;0;998,7;999,7;998,7;;27,6;21,9;27,9;26,2;22,4;21,2;76;70;71;228;3,7;,8;
2025/02/10;2000 UTC;0;998,1;998,7;998,1;;27,2;21,7;27,8;27,1;22,2;21;73;67;72;247;3,3;1,8;
2025/02/10;2100 UTC;0;998,6;998,6;998,1;;26,6;22,5;27,2;26,6;22,5;21,5;78;72;78;239;3,5;1,6;
2025/02/10;2200 UTC;0;999,3;999,3;998,6;;25,5;22,4;26,6;25,5;22,5;22,4;83;78;83;246;2,9;,8;
2025/02/10;2300 UTC;0;1000,2;1000,2;999,3;;25;22,2;25,6;25;22,6;22,2;85;83;84;55;3,3;1,9;
2025/02/11;0000 UTC;,8;1000,6;1000,6;1000,3;;23,6;21,6;25;23,6;22,1;21,5;88;84;88;71;3,3;1,2;
2025/02/11;0100 UTC;,2;1001,4;1001,4;1000,6;;23,7;21,8;23,8;23,6;21,9;21,6;89;88;89;82;2,4;,5;
2025/02/11;0200 UTC;,2;1002;1002;1001,4;;23,9;22,1;23,9;23,6;22,1;21,8;90;89;90;232;1,2;0;
2025/02/11;0300 UTC;,2;1001,6;1002;1001,6;;23,9;22,1;23,9;23,8;22,2;22;90;90;90;31;1,2;,5;
2025/02/11;0400 UTC;0;1001,3;1001,6;1001,2;;23,7;21,9;23,9;23,7;22,1;21,9;90;90;90;115;1,9;,8;
2025/02/11;0500 UTC;2,4;1000,9;1001,5;1000,9;;22,4;20,6;23,7;22,4;22;20,6;90;89;90;114;8,4;1,8;
2025/02/11;0600 UTC;5,2;1000,4;1000,9;1000,4;;22,3;20,6;22,4;22,2;20,7;20,5;90;90;90;101;3;,9;
2025/02/11;0700 UTC;1,2;999,8;1000,4;999,8;;22,3;20,6;22,3;22,2;20,6;20,5;90;90;90;82;2,1;,3;
2025/02/11;0800 UTC;,2;999,9;999,9;999,8;;22,3;20,6;22,3;22,2;20,6;20,6;90;90;90;39;1,8;,6;
2025/02/11;0900 UTC;0;999,9;999,9;999,9;;22,4;20,7;22,4;22,2;20,8;20,6;90;90;90;340;1,2;,2;
2025/02/11;1000 UTC;0;999,8;999,9;999,7;;22,3;20,6;22,4;22,2;20,8;20,5;90;90;90;287;1,7;,4;
2025/02/11;1100 UTC;0;1000,1;1000,1;999,8;;22,6;20,9;22,7;22,3;21;20,6;90;90;90;280;2,5;1,1;
2025/02/11;1200 UTC;0;1000,6;1000,6;1000,1;;23,8;21,8;23,8;22,6;21,9;20,9;90;89;89;306;2,6;1;
2025/02/11;1300 UTC;0;1001,1;1001,1;1000,6;;25,7;22,5;25,7;23,8;22,6;21,6;89;81;83;49;3,6;2,1;
2025/02/11;1400 UTC;0;1001,3;1001,3;1001,1;;27,2;22;27,5;25,5;22,9;21,7;83;73;73;36;5,6;2,7;
2025/02/11;1500 UTC;0;1001,2;1001,5;1001,2;;28,6;22,3;28,6;26,9;22,7;21,3;76;68;69;347;5,6;,9;
2025/02/11;1600 UTC;0;1000,4;1001,2;1000,4;;29,2;22;29,4;28;23,7;21,6;72;65;65;122;3,9;1,1;
2025/02/11;1700 UTC;0;999,4;1000,4;999,4;;30,3;21,8;32;28,9;23,6;21,2;68;57;60;56;4;1,6;
2025/02/11;1800 UTC;0;998,6;999,4;998,6;;29,2;21,6;30,6;28,9;22,5;21;66;58;64;59;5,4;3,1;
2025/02/11;1900 UTC;0;997,4;998,6;997,4;;28,6;21;29,3;28,5;22,1;20,2;67;61;63;70;5,8;3,3;
2025/02/11;2000 UTC;0;996,5;997,4;996,5;;28,7;19,3;29,1;28,6;20,6;18,6;63;54;57;70;4,9;2,8;
2025/02/11;2100 UTC;0;996,8;996,8;996,4;;28,2;20,8;28,8;28,1;21;19,3;65;57;64;82;4,9;2,2;
2025/02/11;2200 UTC;0;997,3;997,3;996,8;;26,8;21,5;28,2;26,8;21,5;20,9;73;64;73;75;3,6;,4;
2025/02/11;2300 UTC;0;998,1;998,2;997,3;;25,8;22,3;26,8;25,8;22,3;21,5;81;73;81;127;1,2;0;
2025/02/12;0000 UTC;0;999,3;999,3;998,1;;24,9;22;25,8;24,9;22,2;22;84;81;84;101;1,3;0;
2025/02/12;0100 UTC;0;1000,1;1000,1;999,4;;24,6;22,2;25;24,6;22,3;22;86;84;86;270;,6;0;
2025/02/12;0200 UTC;0;1000,5;1000,6;1000,1;;24,2;22;24,7;24,2;22,3;21,9;87;86;87;253;1,1;0;
2025/02/12;0300 UTC;0;1000,2;1000,5;1000,2;;23,9;21,9;24,3;23,9;22;21,8;88;87;88;342;,9;0;
2025/02/12;0400 UTC;0;999,5;1000,2;999,5;;23,6;21,8;24;23,6;22;21,7;89;88;89;261;1,1;,5;
2025/02/12;0500 UTC;0;999,2;999,5;999,2;;23,5;21,7;23,7;23,5;21,9;21,7;90;89;90;213;1,3;,8;
2025/02/12;0600 UTC;0;998,9;999,3;998,9;;23,5;21,7;23,6;23,3;21,8;21,5;90;89;90;93;1,4;,1;
2025/02/12;0700 UTC;7,4;999,5;999,5;998,7;;23,2;21,5;23,7;23,1;21,9;21,4;90;90;90;52;5,4;3;
2025/02/12;0800 UTC;9;999,8;999,8;999,5;;22,7;21;23,2;22,7;21,5;21;90;90;90;76;6,8;2;
2025/02/12;0900 UTC;3;999,4;999,8;999,4;;22,1;20,2;23;22;21,3;20,1;90;89;89;53;8;1,4;
2025/02/12;1000 UTC;0;1000,3;1000,3;999,4;;22,1;20,3;22,4;22,1;20,6;20,2;90;89;90;246;3,3;,2;
2025/02/12;1100 UTC;,2;1001,2;1001,2;1000,3;;22,4;20,7;22,4;22,1;20,7;20,4;90;90;90;200;1,1;,3;
2025/02/12;1200 UTC;,2;1002,4;1002,4;1001,2;;22,9;21,2;23;22,4;21,3;20,7;90;90;90;70;1,8;,4;
2025/02/12;1300 UTC;0;1002,4;1002,6;1002,4;;24,1;22,2;24,1;22,9;22,2;21,2;90;89;89;168;1,7;,4;
2025/02/12;1400 UTC;0;1002,4;1002,5;1002,4;;27,2;22,4;27,2;24,1;23,8;21,4;89;74;75;85;3,2;1,2;
2025/02/12;1500 UTC;0;1002,3;1002,7;1002,3;;27,8;22,2;27,8;26,7;23;21,6;77;70;72;13;4,5;1,8;
2025/02/12;1600 UTC;0;1001,4;1002,3;1001,4;;28,5;22;28,8;27,5;22,7;21,5;72;67;68;46;6,1;2,3;
2025/02/12;1700 UTC;0;999,9;1001,4;999,9;;29,2;21,9;29,9;27,9;23,1;21;72;62;65;30;5;1,6;
2025/02/12;1800 UTC;0;998,7;999,9;998,7;;29,9;22;30,1;28,6;22,7;20,9;67;62;62;94;5,1;2,2;
2025/02/12;1900 UTC;0;997,7;998,7;997,7;;28,5;22,1;30,3;28,5;22,7;21,3;68;61;68;61;5,7;3,4;
2025/02/12;2000 UTC;0;997,5;997,7;997,4;;27,8;21,2;28,5;27,8;22,3;21;69;65;67;41;5,7;2,9;
2025/02/12;2100 UTC;0;998;998;997,4;;27,2;21,7;27,7;27,2;21,9;21,2;72;67;72;34;5,1;2;
2025/02/12;2200 UTC;0;999;999;998;;26;21,7;27,2;26;21,9;21,6;77;72;77;39;4,6;1,9;
2025/02/12;2300 UTC;0;999,8;999,8;999;;25,7;22,2;26;25,7;22,2;21,7;81;77;81;26;3,4;,6;
2025/02/13;0000 UTC;0;1000,9;1000,9;999,8;;25,2;22,1;25,7;25,2;22,2;22,1;83;81;83;5;3,1;1;
2025/02/13;0100 UTC;1,4;1001,5;1001,5;1000,9;;23,8;21,5;25,2;23,8;22,3;21,4;87;83;87;135;5,7;,3;
2025/02/13;0200 UTC;,4;1002,1;1002,1;1001,5;;23,8;21,9;23,9;23,6;22;21,4;89;87;89;242;1,2;0;
2025/02/13;0300 UTC;,2;1002,2;1002,3;1002,1;;23,7;21,8;23,8;23,7;21,9;21,8;89;89;89;32;1,8;,6;
2025/02/13;0400 UTC;,2;1002;1002,3;1002;;23,7;21,8;23,7;23,6;21,9;21,8;90;89;90;20;2;,5;
2025/02/13;0500 UTC;0;1001,4;1002;1001,4;;23,7;21,9;23,7;23,7;22;21,8;90;90;90;273;1,1;,1;
2025/02/13;0600 UTC;0;1000,8;1001,4;1000,8;;23,7;22;23,7;23,6;22;21,9;90;90;90;332;1,7;,5;
2025/02/13;0700 UTC;0;1000,5;1000,8;1000,4;;23,8;22,1;23,8;23,7;22,1;22;90;90;90;262;1,7;0;
2025/02/13;0800 UTC;0;1000,5;1000,5;1000,4;;23,8;22,1;23,9;23,8;22,2;22,1;90;90;90;206;,6;0;
2025/02/13;0900 UTC;0;1000,7;1000,7;1000,5;;23,8;22,1;23,9;23,8;22,2;22,1;90;90;90;302;,9;,3;
2025/02/13;1000 UTC;0;1001,3;1001,3;1000,7;;23,8;22,1;23,9;23,7;22,2;22,1;90;90;90;261;,9;0;
2025/02/13;1100 UTC;0;1002,2;1002,2;1001,3;;25;23,3;25;23,8;23,3;22,1;91;90;90;18;2,2;,8;
2025/02/13;1200 UTC;0;1003,4;1003,4;1002,2;;26,3;22,9;26,6;25;24,4;22,7;90;81;81;43;4,1;1,9;
2025/02/13;1300 UTC;0;1003,9;1003,9;1003,4;;27;22,4;27,7;26,2;23,6;22,2;82;74;76;36;4,2;2,3;
2025/02/13;1400 UTC;0;1003,9;1004,1;1003,9;;28,3;22,5;28,6;27,1;23,1;22,3;76;70;71;34;4,8;2;
2025/02/13;1500 UTC;0;1003,4;1003,9;1003,4;;28,9;22,4;29,7;28,3;23,1;21,8;72;66;68;28;5,3;2,3;
2025/02/13;1600 UTC;0;1002,4;1003,4;1002,4;;30;23,1;31;28,8;23,7;21,7;69;61;67;64;5,3;2;
2025/02/13;1700 UTC;,2;1000,9;1002,4;1000,9;;29,9;22,5;31;29,2;23,7;21,7;67;61;65;52;4;1,8;
2025/02/13;1800 UTC;8,6;999,4;1000,9;999,4;;25,8;22,4;32,2;24,9;23,5;21,3;82;56;82;9;10,2;2,1;
2025/02/13;1900 UTC;0;998;999,4;998;;29,9;23,4;29,9;25,8;24;22,6;82;67;68;17;4,5;,7;
2025/02/13;2000 UTC;0;997,8;998,1;997,8;;30,7;22,8;31,6;29,9;23,7;21,6;69;57;63;21;2;,3;
2025/02/13;2100 UTC;0;998,4;998,5;997,8;;31,4;22,8;32,2;30,4;23,6;22,2;66;57;60;236;1,7;,3;
2025/02/13;2200 UTC;2,2;1000,1;1000,1;998,4;;23,6;20,5;31,5;23,6;23,4;20,5;84;60;83;354;10,1;3;
2025/02/13;2300 UTC;0;1000,4;1000,4;999,9;;23,5;21,2;23,6;23,2;21,2;20,1;87;81;87;100;8,2;,2;
2025/02/14;0000 UTC;0;1001,7;1001,7;1000,4;;23,5;21,2;23,5;23,2;21,2;20,7;87;86;87;207;1,9;0;
2025/02/14;0100 UTC;0;1002,2;1002,2;1001,7;;23,8;21,7;23,9;23,5;21,7;21,2;88;87;88;326;,9;,1;
2025/02/14;0200 UTC;0;1003,1;1003,2;1002,2;;23,9;21,9;24;23,7;22,1;21,6;89;88;89;111;2,2;1,2;
2025/02/14;0300 UTC;0;1002,6;1003,1;1002,6;;23,8;22;24;23,8;22;21,9;89;89;89;26;2,2;,9;
2025/02/14;0400 UTC;0;1002,9;1003;1002,4;;23,1;20,9;23,9;23,1;22,1;20,9;89;87;87;62;11,8;5,2;
2025/02/14;0500 UTC;,2;1002;1002,9;1002;;22,7;20,7;23,1;22,7;20,8;20,6;88;87;88;43;8,9;2,9;
2025/02/14;0600 UTC;0;1001,2;1002;1001,2;;22,6;20,6;22,7;22,6;20,7;20,6;89;88;89;353;5,3;,4;
2025/02/14;0700 UTC;0;1000,3;1001,2;1000,3;;22,5;20,6;22,6;22,5;20,7;20,6;89;89;89;40;1,8;0;
2025/02/14;0800 UTC;0;999,9;1000,3;999,9;;22,4;20,5;22,6;22,3;20,7;20,5;89;89;89;167;1,9;,4;
2025/02/14;0900 UTC;0;1000,4;1000,4;999,9;;22,3;20,5;22,4;22,3;20,6;20,5;90;89;90;224;1,6;,6;
2025/02/14;1000 UTC;0;1000,8;1000,8;1000,3;;22,2;20,5;22,4;22,2;20,7;20,5;90;90;90;247;1,9;,7;
2025/02/14;1100 UTC;0;1001,7;1001,7;1000,8;;22,9;21,1;22,9;22,2;21,1;20,5;90;90;90;236;2,2;1;
2025/02/14;1200 UTC;0;1002,9;1002,9;1001,8;;24,2;21,8;24,2;22,9;22,1;21,2;90;87;87;303;1,8;,9;
2025/02/14;1300 UTC;0;1003,5;1003,5;1002,9;;25,1;21,4;25,7;24,2;22,6;21,2;87;78;80;58;3,9;2,2;
2025/02/14;1400 UTC;0;1003,3;1003,6;1003,3;;25,9;22,1;26;24,9;22,2;21,2;82;78;80;62;3,9;2,3;
2025/02/14;1500 UTC;0;1002,6;1003,3;1002,6;;28,3;22,5;28,4;25,9;23,4;21,7;80;70;71;358;5,1;1,2;
2025/02/14;1600 UTC;,2;1001,6;1002,6;1001,6;;28,6;22;29,6;27,9;23;21,4;71;64;67;80;5,1;1,7;
2025/02/14;1700 UTC;0;999,8;1001,6;999,8;;30,1;22,5;31,1;28,5;23,8;21,5;70;59;64;20;3,4;1,3;
2025/02/14;1800 UTC;0;998,4;999,8;998,4;;30,2;21,7;31,2;29,1;24;21,6;68;59;60;103;4,1;2;
2025/02/14;1900 UTC;0;996,9;998,4;996,9;;30,4;21,4;31;30,2;23,3;20,8;64;56;59;86;5,2;2,3;
2025/02/14;2000 UTC;0;996,3;996,9;996,2;;30,6;21,4;30,8;30,2;22;21,1;60;57;58;81;4,5;2,3;
2025/02/14;2100 UTC;0;996,8;996,8;996,2;;29,5;21,9;30,6;29,5;22,3;21,2;64;57;64;70;4,2;1,9;
2025/02/14;2200 UTC;0;997,8;997,8;996,8;;28,1;22,5;29,6;28,1;22,5;21,9;71;63;71;40;3,4;,9;
2025/02/14;2300 UTC;0;998,4;998,4;997,8;;27,6;22,9;28,1;27,6;23;22,5;76;72;76;35;2,2;1;
2025/02/15;0000 UTC;0;1000,2;1000,2;998,4;;27,5;23;27,6;27,1;23,2;22,9;79;76;77;63;5,8;2,9;
2025/02/15;0100 UTC;1;1001,3;1001,3;1000,2;;23,9;21,4;27,5;23,9;22,8;21,1;86;73;86;50;14;4,9;
2025/02/15;0200 UTC;,2;1001,4;1001,5;1001,1;;23,8;21,6;23,9;23,7;21,7;21,4;88;86;88;41;8,3;2,2;
2025/02/15;0300 UTC;,2;1001,6;1001,6;1001,4;;23,8;21,8;23,8;23,7;21,9;21,6;89;88;89;47;4,3;1,3;
2025/02/15;0400 UTC;0;1001;1001,6;1001;;23,8;21,9;23,8;23,7;22;21,8;89;89;89;33;2,4;1,2;
2025/02/15;0500 UTC;0;1000,3;1001,1;1000,3;;23,7;21,9;23,9;23,7;22;21,9;90;89;90;32;2,6;,7;
2025/02/15;0600 UTC;0;999,3;1000,3;999,3;;23,7;21,9;23,7;23,6;21,9;21,8;90;90;90;41;2;,5;
2025/02/15;0700 UTC;0;999;999,3;998,9;;23,7;21,9;23,7;23,6;21,9;21,8;90;90;90;235;1,6;0;
2025/02/15;0800 UTC;0;999,1;999,1;998,9;;23,3;21,6;23,7;23,3;21,9;21,6;90;90;90;83;0;0;
2025/02/15;0900 UTC;0;999,4;999,5;999,1;;23,1;21,4;23,3;23,1;21,6;21,3;90;90;90;81;0;0;
2025/02/15;1000 UTC;0;999,6;999,6;999,4;;23;21,3;23,2;23;21,5;21,3;90;90;90;252;0;0;
2025/02/15;1100 UTC;0;1000,9;1000,9;999,6;;24;22,3;24,1;23;22,4;21,3;90;90;90;85;0;0;
2025/02/15;1200 UTC;0;1001,9;1001,9;1000,9;;26,2;22,4;26,3;24;23,6;22,2;90;80;80;112;2,7;1,1;
2025/02/15;1300 UTC;0;1002,1;1002,1;1001,9;;26,4;21,9;26,7;25,6;22,5;21,6;81;75;76;96;4;1,3;
2025/02/15;1400 UTC;0;1002;1002,2;1002;;27;21,6;27,4;26,4;22,4;21,1;76;71;72;114;3,8;1,1;
2025/02/15;1500 UTC;,2;1001,5;1002;1001,5;;28,9;22,2;29,5;27;23,1;21,5;74;65;67;211;3,1;,4;
2025/02/15;1600 UTC;0;1000,7;1001,5;1000,7;;29,3;22,6;29,5;28,2;23;21,8;72;65;67;358;3,4;1;
2025/02/15;1700 UTC;0;999,6;1000,7;999,6;;29,2;22,4;29,5;28,6;23,3;22;71;65;67;276;3,8;,9;
2025/02/15;1800 UTC;0;998,6;999,6;998,6;;29,9;23,1;29,9;28,9;23,3;22,1;69;64;67;197;2,2;,7;
2025/02/15;1900 UTC;0;997,8;998,6;997,8;;29,4;23,1;30,2;29;23,3;22;70;63;69;195;3,7;2;
2025/02/15;2000 UTC;0;997,5;997,8;997,2;;28,7;22,5;29,4;28,7;23,1;21,9;69;66;69;190;3,7;1,8;
2025/02/15;2100 UTC;0;998;998;997,5;;28,5;22,6;29,2;28,5;23,3;22,4;71;68;70;198;3,2;1,3;
2025/02/15;2200 UTC;0;999;999;998,1;;27;22,9;28,5;27;23;22,5;78;70;78;266;2,3;,1;
2025/02/15;2300 UTC;0;1000,2;1000,2;999;;26,1;23;27,1;26,1;23,3;22,9;83;78;83;303;3,6;1,9;
2025/02/16;0000 UTC;0;1000,9;1000,9;1000,2;;24,2;20,7;26,1;24,2;23;20,7;84;81;81;309;5;2,1;
2025/02/16;0100 UTC;0;1001,8;1001,8;1000,8;;23,8;20,2;24,2;23,8;20,8;20,1;81;79;80;328;3,6;,6;
2025/02/16;0200 UTC;0;1002,4;1002,4;1001,8;;23,6;20,6;23,8;23,6;20,6;20,2;83;80;83;276;2;0;
2025/02/16;0300 UTC;0;1002,1;1002,4;1002,1;;23,6;20,7;23,7;23,6;20,7;20,6;84;83;83;39;2,1;,5;
2025/02/16;0400 UTC;,4;1001,6;1002,1;1001,6;;23,2;20,9;23,7;23,2;20,9;20,7;87;83;87;285;2,2;,8;
2025/02/16;0500 UTC;0;1001,1;1001,7;1001,1;;23,2;20,9;23,3;23,2;21;20,9;87;87;87;253;2,2;,6;
2025/02/16;0600 UTC;2,8;1000,4;1001,1;1000,4;;22,8;20,9;23,2;22,8;21;20,8;89;87;89;291;4,2;2,3;
2025/02/16;0700 UTC;1,2;1000,3;1000,4;1000,1;;22,9;21,1;22,9;22,8;21,1;20,9;90;89;90;12;4,2;,1;
2025/02/16;0800 UTC;,4;1000,1;1000,5;1000,1;;23;21,2;23;22,9;21,3;21,1;90;90;90;42;1,9;,7;
2025/02/16;0900 UTC;0;1000,7;1000,7;1000,1;;22,9;21,1;23;22,9;21,3;21,1;90;90;90;326;1,5;,6;
2025/02/16;1000 UTC;0;1001,7;1001,7;1000,7;;22,9;21,2;23;22,8;21,3;21,1;90;90;90;35;2,6;,3;
2025/02/16;1100 UTC;0;1001,9;1002;1001,7;;23,2;21,5;23,2;22,8;21,5;21,1;90;90;90;292;,9;0;
2025/02/16;1200 UTC;0;1002,6;1002,6;1001,9;;24,4;22,4;24,4;23,1;22,4;21,3;90;88;88;304;2,5;,9;
2025/02/16;1300 UTC;0;1003;1003,1;1002,6;;26,2;21,8;26,2;24,1;23;21,3;88;75;77;325;2,8;1,1;
2025/02/16;1400 UTC;0;1003;1003,1;1002,9;;28,4;22,6;28,4;26,1;22,7;21,2;77;70;71;233;3;,2;
2025/02/16;1500 UTC;,2;1002,4;1003;1002,3;;28,4;21,5;29,2;27,7;22,9;21,4;72;66;66;214;2,9;1,4;
2025/02/16;1600 UTC;0;1001,3;1002,3;1001,3;;30,5;22,4;30,5;28,3;23,1;21,3;70;59;62;209;3,5;,9;
2025/02/16;1700 UTC;0;1000,2;1001,3;1000,2;;30,6;21,3;31,8;29,5;23,1;21;65;55;58;127;3,4;1,4;
2025/02/16;1800 UTC;0;999,2;1000,2;999,2;;31,7;21,6;32;29,9;24,2;21;65;54;55;157;4,1;,9;
2025/02/16;1900 UTC;0;998,3;999,2;998,3;;31,9;21,7;32,5;31,2;23,2;20,9;59;51;55;249;3,4;1,4;
2025/02/16;2000 UTC;0;997,4;998,3;997,4;;31,8;21,1;32,6;31,4;22,5;20,7;57;51;53;252;3,4;1,4;
2025/02/16;2100 UTC;0;997,7;997,7;997,3;;31,1;20,7;32,1;31;21,5;20,3;56;51;54;164;2,5;,2;
2025/02/16;2200 UTC;0;998,5;998,5;997,8;;28,9;22,5;31,1;28,9;22,6;20,6;68;54;68;253;1,6;,1;
2025/02/16;2300 UTC;0;999,9;999,9;998,5;;27,7;22,7;29;27,7;23,2;22,3;75;68;74;27;3,7;1,8;
2025/02/17;0000 UTC;0;1000,8;1000,8;999,8;;26,9;22,4;27,7;26,9;22,7;22,4;77;74;77;25;3,7;1;
2025/02/17;0100 UTC;0;1001,2;1001,3;1000,8;;26,3;22,7;26,9;26,2;22,9;22,4;81;77;81;285;2;,8;
2025/02/17;0200 UTC;0;1002;1002;1001,2;;25,8;23;26,3;25,8;23,1;22,4;84;79;84;206;1,7;,2;
2025/02/17;0300 UTC;0;1001,6;1002;1001,6;;25,3;22,9;25,8;25,3;23,2;22,9;87;84;87;242;,9;,5;
2025/02/17;0400 UTC;13,4;1001,4;1001,9;1001,4;;22,7;20,9;25,4;22,5;23,2;20,1;89;81;89;228;12;1,1;
2025/02/17;0500 UTC;30;1002,3;1002,3;1001,4;;22,2;20,6;23;22,2;21,2;20,6;91;89;91;68;9,6;2,7;
2025/02/17;0600 UTC;4,4;1001,2;1002,3;1001,2;;22,3;20,6;22,4;22,1;20,8;20,4;91;90;90;66;9,7;2,1;
2025/02/17;0700 UTC;1;1000,7;1001,2;1000,7;;22,2;20,5;22,3;22,1;20,6;20,4;90;90;90;243;3,5;,2;
2025/02/17;0800 UTC;,2;1000,8;1000,9;1000,6;;22,2;20,6;22,2;22,1;20,6;20,4;90;90;90;333;1,6;,1;
2025/02/17;0900 UTC;0;1001,2;1001,2;1000,8;;22,5;20,8;22,5;22,2;20,8;20,5;90;90;90;265;1,3;0;
2025/02/17;1000 UTC;,2;1001,8;1001,8;1001,2;;22,2;20,5;22,4;22,2;20,7;20,5;90;90;90;25;1,8;,8;
2025/02/17;1100 UTC;0;1002,7;1002,7;1001,8;;22,7;21;22,7;22,2;21,1;20,5;90;90;90;41;1,8;,8;
2025/02/17;1200 UTC;0;1003,2;1003,2;1002,7;;23,6;21,8;23,6;22,6;21,8;20,9;90;90;90;298;2,5;1,3;
2025/02/17;1300 UTC;0;1003,4;1003,4;1003,1;;25,5;22,5;25,6;23,5;23,1;21,7;90;83;83;45;3,7;1,6;
2025/02/17;1400 UTC;0;1003,6;1003,6;1003,3;;26,8;22,7;26,8;25,5;23,1;22,1;84;77;78;28;4,6;1,8;
2025/02/17;1500 UTC;0;1003,4;1003,6;1003,4;;27,2;21,9;27,9;26,7;23,1;21,9;78;72;73;51;4,7;2,5;
2025/02/17;1600 UTC;0;1002,2;1003,4;1002,2;;29,7;22,6;30;26,9;23,9;21,6;77;63;66;20;4,8;1,9;
2025/02/17;1700 UTC;0;1000,8;1002,2;1000,8;;29,5;21,9;30,5;29,4;23,5;21,6;68;61;64;61;3,8;,9;
2025/02/17;1800 UTC;0;999,7;1000,9;999,7;;31,5;23,3;31,5;29,3;23,3;21,7;67;59;62;137;4,6;1,2;
2025/02/17;1900 UTC;0;998,7;999,7;998,7;;28,4;23,1;31,8;28,3;24,2;21,3;73;57;73;209;4,3;1,9;
2025/02/17;2000 UTC;0;998,1;998,7;998;;27,6;22,8;32,1;27,6;24,5;21,8;76;56;75;79;5,7;3,1;
2025/02/17;2100 UTC;0;997,9;998,1;997,9;;29,1;22,1;29,2;27,5;22,9;21,6;76;64;66;93;5,3;1,9;
2025/02/17;2200 UTC;0;998,3;998,3;997,9;;27,3;22,6;29,1;27,3;22,6;21,7;76;65;76;106;3;1,2;
2025/02/17;2300 UTC;0;999,7;999,7;998,3;;26,4;22,6;27,3;26,4;22,9;22,5;80;76;80;95;2,1;1;
2025/02/18;0000 UTC;0;1000,8;1000,8;999,7;;25,7;22,4;26,4;25,7;22,7;22,4;82;80;82;103;2,4;1,6;
2025/02/18;0100 UTC;0;1001,5;1001,5;1000,8;;25,3;22,3;25,7;25,3;22,4;22,2;83;82;83;101;2,4;,6;
2025/02/18;0200 UTC;,2;1002,6;1002,6;1001,5;;25,1;20,7;25,6;25,1;22,4;20,7;84;76;76;82;15,9;6,8;
2025/02/18;0300 UTC;1,2;1002,4;1002,7;1002,3;;23,2;20,5;25,1;23,1;20,9;19,9;85;76;85;108;16,7;2,7;
2025/02/18;0400 UTC;0;1001,9;1002,4;1001,8;;22,9;20,6;23,2;22,9;20,7;20,4;87;85;87;193;5,4;,6;
2025/02/18;0500 UTC;0;1001;1001,9;1001;;22,8;20,6;23,1;22,8;20,9;20,5;87;87;87;124;1,5;,3;
2025/02/18;0600 UTC;0;1000,3;1001;1000,3;;22,5;20,6;22,8;22,5;20,7;20,5;89;87;89;257;1,2;,1;
2025/02/18;0700 UTC;0;1000,1;1000,3;1000;;22,5;20,6;22,6;22,4;20,6;20,6;89;89;89;278;,9;0;
2025/02/18;0800 UTC;0;1000,2;1000,2;1000;;22,2;20,4;22,5;22,1;20,6;20,3;90;89;90;300;1,8;,5;
2025/02/18;0900 UTC;0;1000,7;1000,7;1000,2;;21,7;20;22,2;21,7;20,4;20;90;90;90;306;2,8;1;
2025/02/18;1000 UTC;0;1001,2;1001,2;1000,7;;22,1;20,3;22,1;21,7;20,3;20;90;90;90;112;2,2;,3;
2025/02/18;1100 UTC;0;1001,7;1001,7;1001,2;;24,6;21,4;24,7;22,1;21,7;20,3;90;82;82;152;2,4;,9;
2025/02/18;1200 UTC;0;1001,9;1002;1001,6;;26,1;21,2;26,3;24,4;22,3;20,6;82;75;75;103;3,5;1,3;
2025/02/18;1300 UTC;0;1002,2;1002,2;1001,9;;28,1;21,8;28,2;25,4;22,5;20,8;79;69;69;72;4,8;1,8;
2025/02/18;1400 UTC;0;1001,9;1002,2;1001,9;;29,1;22,3;29,5;27,8;23;21,4;71;65;67;72;6,5;3,9;
2025/02/18;1500 UTC;0;1001,5;1001,9;1001,5;;29,3;21,6;29,9;28,7;23,4;21,6;70;63;63;77;6,2;3,4;
2025/02/18;1600 UTC;0;1000,7;1001,5;1000,7;;30,4;22,3;30,8;29,2;23,2;21,6;66;60;62;62;6,2;1,9;
2025/02/18;1700 UTC;0;999,7;1000,7;999,7;;30,9;24,1;32,1;29,7;24,1;21,5;67;56;67;46;5,8;2,5;
2025/02/18;1800 UTC;0;998,3;999,7;998,3;;32,4;21,6;32,7;30,8;24,1;20,7;67;50;53;116;6;2,5;
2025/02/18;1900 UTC;0;997,4;998,3;997,4;;28,6;23;32,9;28,5;23,1;20,7;72;51;72;25;7,1;2,5;
2025/02/18;2000 UTC;0;996,7;997,4;996,6;;30,4;22,6;31;28,4;23,6;22,4;72;62;63;36;4,1;2,1;
2025/02/18;2100 UTC;0;997;997,1;996,7;;29,4;22,2;30,6;29,3;23;22,2;68;62;65;46;5,7;2,5;
2025/02/18;2200 UTC;0;998,3;998,4;997;;27,6;22,2;29,4;27,6;22,3;21,9;73;64;73;34;6,1;1,9;
2025/02/18;2300 UTC;0;998,6;998,6;998,2;;26,6;22,5;27,6;26,6;22,6;22,2;78;73;78;92;3,3;1;
2025/02/19;0000 UTC;0;999,7;999,7;998,6;;26,2;22,7;26,7;26,1;22,8;22,5;81;78;81;23;2;,1;
2025/02/19;0100 UTC;0;1000,7;1000,8;999,7;;25,8;22,9;26,2;25,8;22,9;22,5;84;81;84;37;1,3;0;
2025/02/19;0200 UTC;0;1000,8;1000,8;1000,6;;25,4;22,6;26;25,4;22,9;22,6;84;82;84;310;2,2;,3;
2025/02/19;0300 UTC;0;1000,6;1001;1000,6;;25,5;22,5;25,6;25,3;22,8;22,4;85;83;83;23;1;0;
2025/02/19;0400 UTC;0;1000,3;1000,6;1000,2;;25;22,1;25,6;25;22,8;22,1;85;83;84;31;3,6;1,2;
2025/02/19;0500 UTC;16,6;1000,4;1000,5;999,8;;24,2;22,3;25;24,2;22,4;22,1;89;84;89;87;6,2;2,6;
2025/02/19;0600 UTC;5;999,7;1000,5;999,7;;24,4;22,6;24,4;24,2;22,6;22,3;90;89;90;57;5,1;1,5;
2025/02/19;0700 UTC;0;999,7;999,9;999,7;;24,3;22,6;24,4;24,3;22,6;22,6;90;90;90;11;3,1;,6;
2025/02/19;0800 UTC;0;1000,1;1000,2;999,5;;24,4;22,6;24,4;24,3;22,7;22,6;90;90;90;240;2,1;0;
2025/02/19;0900 UTC;0;1000,6;1000,6;1000,1;;24,2;22,5;24,4;24,2;22,7;22,5;90;90;90;332;1,1;,7;
2025/02/19;1000 UTC;0;1001;1001;1000,6;;24,3;22,6;24,4;24,2;22,7;22,5;90;90;90;77;1,1;0;
2025/02/19;1100 UTC;0;1001,7;1001,7;1001;;25;23,2;25;24,3;23,3;22,6;90;90;90;45;2,2;1,1;
2025/02/19;1200 UTC;0;1002,5;1002,5;1001,7;;26,4;23,8;26,4;25;24,1;23,2;90;86;86;51;3,6;2,1;
2025/02/19;1300 UTC;0;1002,7;1002,8;1002,5;;28,2;23,5;28,2;26,4;24,2;22,9;86;75;76;48;5,1;2,9;
2025/02/19;1400 UTC;,2;1002,9;1002,9;1002,7;;28,7;22,8;29,3;27,6;23,8;22,6;76;69;71;28;4,7;2,3;
2025/02/19;1500 UTC;0;1002,5;1002,9;1002,5;;30,1;22,8;30,8;28,3;24,4;22,5;74;64;65;41;5,5;2,7;
2025/02/19;1600 UTC;0;1001,5;1002,5;1001,5;;31,4;23,2;31,6;29,3;24,2;22,2;67;60;62;53;5,5;2,3;
2025/02/19;1700 UTC;0;1000,1;1001,5;1000,1;;31,9;23,2;32,5;30,2;24;22;66;58;60;51;5;2,1;
2025/02/19;1800 UTC;0;998,6;1000,1;998,6;;32;22,3;32,5;31,1;23,8;21,5;63;53;57;49;5,5;2,9;
2025/02/19;1900 UTC;0;997,5;998,6;997,5;;31,1;22,5;32,8;30,9;23,9;21,9;63;54;60;60;6,5;4,2;
2025/02/19;2000 UTC;0;996,9;997,5;996,9;;31,7;21,5;32,1;31,1;23,2;21;61;53;55;67;6,5;3,3;
2025/02/19;2100 UTC;0;997,6;997,6;996,9;;30,1;22,4;31,7;30,1;22,4;20,6;64;52;64;48;5,1;2,3;
2025/02/19;2200 UTC;0;999,1;999,1;997,6;;29,1;22,4;30,1;29,1;22,7;22,4;69;64;67;25;3,8;,3;
2025/02/19;2300 UTC;0;1000,5;1000,5;999,1;;27;23;29,1;27;23,3;22,3;79;67;79;327;3,6;1,1;
2025/02/20;0000 UTC;,2;1001,4;1001,5;1000,4;;25,8;22,7;27;25,8;23;22,4;83;79;83;18;4,5;2,4;
2025/02/20;0100 UTC;19,8;1003;1003;1001,4;;24,8;23;25,8;24,5;23;22,4;89;83;89;23;6,4;2,2;
2025/02/20;0200 UTC;4,4;1003,3;1004;1002,9;;22,4;20,4;24,8;22,2;22,9;20,2;90;86;89;332;8,9;,5;
2025/02/20;0300 UTC;3,8;1003,6;1004;1003,3;;22,6;20,8;22,8;22,4;20,9;20,4;89;89;89;162;3,5;,4;
2025/02/20;0400 UTC;1,4;1002,3;1003,6;1002,3;;22,5;20,7;22,6;22,3;20,8;20,5;90;89;90;129;2,7;0;
2025/02/20;0500 UTC;,2;1001,3;1002,3;1001,3;;22,8;21;22,8;22,5;21;20,7;90;90;90;31;1,9;1,1;
2025/02/20;0600 UTC;0;1001,5;1001,6;1001,3;;22,9;21,2;23;22,7;21,3;21;90;90;90;265;2,1;,5;
2025/02/20;0700 UTC;0;1001,4;1001,6;1001,4;;23;21,3;23,2;22,9;21,5;21,2;90;90;90;267;1,2;,3;
2025/02/20;0800 UTC;20,4;1001,7;1002;1001,4;;22,1;20,5;23,2;21,9;21,5;20,3;91;90;91;23;7,2;1,7;
2025/02/20;0900 UTC;4,4;1002,1;1002,2;1001,7;;22,1;20,5;22,2;21,9;20,6;20,3;91;91;91;34;5,3;1,5;
2025/02/20;1000 UTC;,2;1002,9;1002,9;1002,1;;21,9;20,3;22,1;21,9;20,5;20,3;91;91;91;351;2,8;,9;
2025/02/20;1100 UTC;,2;1003,6;1003,6;1002,9;;21,9;20,3;21,9;21,7;20,3;20;91;90;90;339;2,3;,1;
2025/02/20;1200 UTC;0;1004;1004,1;1003,6;;22,2;20,5;22,3;21,8;20,6;20,2;90;90;90;63;3,1;1,7;
2025/02/20;1300 UTC;0;1003,5;1004;1003,5;;23,4;21,2;23,4;22,2;21,3;20,5;90;87;87;250;2,5;,6;
2025/02/20;1400 UTC;0;1003,3;1003,5;1003,2;;25,5;21,5;25,8;23,3;22,2;20,9;87;79;79;219;3,2;1,7;
2025/02/20;1500 UTC;0;1003,2;1003,4;1003,2;;27,7;23;27,7;25,4;23;21,3;80;73;76;211;4;1,1;
2025/02/20;1600 UTC;0;1002,6;1003,2;1002,6;;29;21,8;29,3;27,7;23,3;21,8;76;65;65;84;4,4;1,9;
2025/02/20;1700 UTC;0;1001,4;1002,6;1001,4;;30,4;22,6;30,7;28,5;23,4;21,4;71;60;63;156;3,8;1,6;
2025/02/20;1800 UTC;0;1000,6;1001,4;1000,6;;31,1;22,5;31,6;30,1;23,7;21,2;65;57;60;171;3,9;2;
2025/02/20;1900 UTC;0;999,4;1000,6;999,4;;30,9;23;31,5;30,2;23,2;21;64;56;63;153;4,4;1;
2025/02/20;2000 UTC;0;998,3;999,4;998,3;;30;21,7;32;30;24;20,7;65;54;61;88;3,3;1;
2025/02/20;2100 UTC;0;998,6;998,6;998,2;;29,9;22,1;31,3;29,6;22,7;21,4;64;56;63;166;3;1;
2025/02/20;2200 UTC;0;999,6;999,6;998,6;;28;22,2;29,9;28;22,3;21,8;71;63;71;127;2;,4;
2025/02/20;2300 UTC;0;1000,7;1000,7;999,6;;27,2;23;28;27,2;23,1;22,2;78;71;78;77;1,6;0;
2025/02/21;0000 UTC;3,2;1001,7;1001,9;1000,7;;24,7;22,3;27,2;24,6;23,3;21,8;86;78;86;49;8,2;1,2;
2025/02/21;0100 UTC;0;1002,2;1002,3;1001,7;;24,6;22,4;24,9;24,5;22,4;22;87;85;87;82;3,5;,3;
2025/02/21;0200 UTC;0;1002,4;1002,5;1002,2;;24,8;22,6;24,8;24,6;22,6;22,4;88;87;88;32;2,4;,8;
2025/02/21;0300 UTC;0;1002,5;1002,7;1002,4;;24,6;22,4;24,8;24,5;22,6;22,4;88;88;88;45;2,5;0;
2025/02/21;0400 UTC;0;1002,3;1002,5;1002,2;;24,8;22,8;24,8;24,6;22,8;22,5;89;88;89;8;1,6;,4;
2025/02/21;0500 UTC;0;1001,8;1002,3;1001,8;;24,4;22,2;24,8;24,3;22,8;22,1;89;87;88;31;2,4;1;
2025/02/21;0600 UTC;0;1001,3;1001,8;1001,2;;24,2;22,1;24,4;24,2;22,2;22;88;87;88;42;1,9;,6;
2025/02/21;0700 UTC;0;1000,8;1001,5;1000,8;;24,2;22,2;24,4;24,1;22,3;22;89;88;88;312;1,6;,6;
2025/02/21;0800 UTC;0;1001,2;1001,2;1000,7;;24,3;22,4;24,3;24,1;22,4;22,1;89;88;89;155;1,2;,3;
2025/02/21;0900 UTC;0;1001,6;1001,6;1001,2;;24;22,2;24,3;24;22,4;22,2;90;89;90;210;,9;0;
2025/02/21;1000 UTC;0;1002,1;1002,1;1001,6;;23,9;22,1;24;23,7;22,2;22;90;90;90;54;1,3;,3;
2025/02/21;1100 UTC;0;1003,5;1003,5;1002,1;;24,5;22,6;24,6;23,9;22,7;22,2;90;89;89;42;2;1,2;
2025/02/21;1200 UTC;0;1004,1;1004,1;1003,5;;25,8;22;26,5;24,5;23,7;22;89;79;79;60;5,8;2,7;
2025/02/21;1300 UTC;0;1004,5;1004,5;1004,1;;25,7;21,7;26,3;25,7;22,4;21,6;80;77;79;24;6,1;3,1;
2025/02/21;1400 UTC;0;1004,5;1004,7;1004,5;;27,7;22,1;27,9;25,7;22,7;21,7;79;71;71;46;7,1;2,7;
2025/02/21;1500 UTC;0;1003,8;1004,5;1003,8;;28,8;21,9;29;27,3;22,9;21,3;73;66;67;54;6,9;3;
2025/02/21;1600 UTC;0;1002,5;1003,8;1002,5;;29;21,6;29,6;28,6;22,6;21,2;68;63;64;61;6,9;2,7;
2025/02/21;1700 UTC;0;1000,8;1002,5;1000,8;;30,9;22,9;31,1;28,8;23,6;21,5;69;58;62;23;5,7;1,5;
2025/02/21;1800 UTC;7,2;999,8;1000,8;999,8;;26;23,4;31,4;24,5;23,4;20,5;86;58;86;94;9,1;,6;
2025/02/21;1900 UTC;0;999,2;999,8;999,2;;28,7;24,1;28,7;26;24,2;23,1;86;74;76;228;2,5;1,2;
2025/02/21;2000 UTC;10,6;999,1;999,7;998,7;;25;22,6;30,3;24,8;24,4;21,8;86;66;86;215;10,3;,6;
2025/02/21;2100 UTC;,4;999,3;999,3;999,1;;24,6;22,5;25;24,5;22,7;22,3;88;86;88;221;2,6;1,1;
2025/02/21;2200 UTC;0;999,9;999,9;999,3;;24;21,9;24,9;24;22,8;21,9;89;88;88;243;1,8;,6;
2025/02/21;2300 UTC;0;1001,1;1001,1;999,8;;24;22;24,1;23,9;22;21,8;89;88;89;299;1,8;,1;
2025/02/22;0000 UTC;0;1002;1002;1001,1;;23,8;22;24,2;23,8;22,3;21,9;89;89;89;223;1,5;0;
2025/02/22;0100 UTC;0;1003;1003;1002;;23,9;22,1;24;23,8;22,2;22;90;89;90;83;,7;0;
2025/02/22;0200 UTC;0;1003,5;1003,5;1002,9;;23,9;22,1;24;23,8;22,2;22,1;90;90;90;258;1,7;0;
2025/02/22;0300 UTC;0;1003,1;1003,6;1003;;23,8;22,1;24;23,8;22,3;22,1;90;90;90;236;,9;,2;
2025/02/22;0400 UTC;0;1002,6;1003,1;1002,4;;23,7;22;24;23,7;22,3;21,9;90;90;90;29;3,7;1,8;
2025/02/22;0500 UTC;6,6;1003,3;1003,3;1002,6;;22,8;21;23,9;22,7;22,1;20,8;90;88;90;80;13,9;4,7;
2025/02/22;0600 UTC;6;1002,3;1003,3;1002,3;;22,6;20,9;22,8;22,6;21,1;20,8;90;90;90;64;10,3;1,1;
2025/02/22;0700 UTC;,8;1002,6;1002,6;1002,3;;22,7;21;22,8;22,6;21,1;20,9;90;90;90;248;2,4;,2;
2025/02/22;0800 UTC;,2;1002,7;1002,7;1002,6;;22,7;21;22,8;22,7;21,1;21;90;90;90;110;1,3;,4;
2025/02/22;0900 UTC;0;1002,5;1002,7;1002,5;;22,8;21,1;22,9;22,6;21,2;21;90;90;90;295;,9;,2;
2025/02/22;1000 UTC;0;1002,5;1002,6;1002,4;;22,8;21,1;22,9;22,8;21,2;21,1;90;90;90;15;1,1;,1;
2025/02/22;1100 UTC;0;1002,7;1002,7;1002,5;;23,1;21,5;23,2;22,7;21,6;21;91;90;90;23;3;1,3;
2025/02/22;1200 UTC;0;1003,3;1003,3;1002,7;;24,5;22,6;24,5;23,1;22,6;21,4;91;89;89;323;3,9;,8;
2025/02/22;1300 UTC;0;1003,5;1003,5;1003,3;;26,4;22,9;26,4;24,5;23,2;22,4;90;80;81;53;2,6;1,1;
2025/02/22;1400 UTC;0;1003,2;1003,5;1003,2;;27,8;22,1;28,6;26,4;23,4;22,1;81;70;71;37;4,3;1,7;
2025/02/22;1500 UTC;0;1002,4;1003,2;1002,4;;29,1;22,4;29,7;27,6;23,6;21,9;74;65;67;359;4,3;,9;
2025/02/22;1600 UTC;0;1001,7;1002,5;1001,7;;30,3;22,7;31,4;28,9;23,8;22,3;72;61;64;289;3,4;,7;
2025/02/22;1700 UTC;0;1000,7;1001,7;1000,7;;30,3;23,2;31;29,6;23,8;22,4;68;62;66;321;3,9;,5;
2025/02/22;1800 UTC;0;999,6;1000,7;999,6;;31,2;23;32;30;24,2;22,2;67;58;62;280;3,3;1,3;
2025/02/22;1900 UTC;0;998,9;999,6;998,9;;30,6;23,2;31,6;30,4;23,6;22,1;64;58;64;48;3;1;
2025/02/22;2000 UTC;0;998,1;998,9;998,1;;31,4;22,8;32;30,4;24;22,7;67;59;60;52;6,6;1,7;
2025/02/22;2100 UTC;0;998;998,1;998;;30,5;22,4;31,6;30,4;23,4;22,3;63;59;62;356;3,3;1,4;
2025/02/22;2200 UTC;0;998,6;998,6;997,8;;28,8;23,1;30,6;28,8;23,1;22;71;62;71;15;2,8;,3;
2025/02/22;2300 UTC;0;999,4;999,4;998,6;;27,6;23,6;28,8;27,6;23,7;23;79;71;79;91;1,3;,1;
2025/02/23;0000 UTC;0;1000,9;1000,9;999,4;;26,7;23,6;27,6;26,6;23,6;23,4;83;79;83;148;1,8;,4;
2025/02/23;0100 UTC;0;1001,9;1001,9;1000,9;;26,5;23,5;26,7;26,4;23,6;23,5;84;83;84;46;1,9;1;
2025/02/23;0200 UTC;0;1002;1002,3;1001,9;;25,9;22,6;26,6;25,9;23,6;22,6;84;81;82;240;2,6;0;
2025/02/23;0300 UTC;0;1001,8;1002,1;1001,8;;25,5;22,9;26;25,5;23;22,6;86;82;85;279;,9;,3;
2025/02/23;0400 UTC;0;1001,3;1001,8;1001,3;;25,4;23,1;25,6;25,4;23,1;22,9;87;85;87;293;,7;,2;
2025/02/23;0500 UTC;0;1000,8;1001,3;1000,8;;25,1;23;25,5;25,1;23,3;23;88;87;88;117;2,2;1,1;
2025/02/23;0600 UTC;,6;1000,4;1000,9;1000,3;;24,7;22,5;25,2;24,7;23,1;22,5;88;87;87;187;2,7;,8;
2025/02/23;0700 UTC;0;1000,6;1000,8;1000,4;;23,9;21,7;24,7;23,9;22,4;21,4;87;86;87;49;3,3;,3;
2025/02/23;0800 UTC;0;1001;1001;1000,6;;23,8;21,7;24,3;23,8;22,2;21,7;88;87;88;32;3,8;1,7;
2025/02/23;0900 UTC;2,8;1001,2;1001,2;1000,9;;23,3;21,4;23,8;23,3;21,7;21,3;89;88;89;358;3,9;,4;
2025/02/23;1000 UTC;1,2;1001,9;1001,9;1001,1;;23,2;21,4;23,3;23,1;21,5;21,3;90;89;90;299;1,6;0;
2025/02/23;1100 UTC;,6;1002,7;1002,7;1001,9;;23,4;21,7;23,4;23,2;21,7;21,4;90;90;90;239;,9;,2;
2025/02/23;1200 UTC;,4;1003,9;1003,9;1002,7;;24;22,3;24,1;23,4;22,3;21,6;90;90;90;201;1,4;,6;
2025/02/23;1300 UTC;2,2;1004,2;1004,3;1003,9;;24,7;23;24,8;24;23;22,2;90;90;90;226;1,6;,2;
2025/02/23;1400 UTC;,2;1003,9;1004,2;1003,9;;26,3;24;26,7;24,5;24,6;22,7;90;87;87;352;2,1;,7;
2025/02/23;1500 UTC;0;1003,3;1003,9;1003,3;;27,6;23,1;27,9;26,2;24,5;23,1;88;76;76;20;3,7;1,6;
2025/02/23;1600 UTC;0;1001,9;1003,4;1001,9;;28,9;22,5;29,3;27,4;23,7;22,5;77;69;69;28;4,6;2,1;
2025/02/23;1700 UTC;0;1000,2;1001,9;1000,2;;29,5;23;29,6;28,6;23,7;22,1;72;66;68;346;5;2,1;
2025/02/23;1800 UTC;0;998,6;1000,2;998,6;;29;22,7;29,9;28,8;24;22,2;72;65;69;11;5,1;2;
2025/02/23;1900 UTC;0;997,7;998,6;997,7;;29,6;22,8;30,4;29;24,1;22,4;71;64;67;179;3,8;1,1;
2025/02/23;2000 UTC;0;997,4;997,7;997,4;;30,7;22,6;31,1;29,5;23,7;22,2;69;61;62;178;2,8;1,5;
2025/02/23;2100 UTC;0;998,2;998,2;997,3;;29,6;22,4;31;29,6;23,3;22,3;67;62;65;134;3;,5;
2025/02/23;2200 UTC;1,8;999;999,1;998,2;;24,9;22,1;29,6;24,9;22,8;20,7;84;64;84;235;8,5;1,1;
2025/02/23;2300 UTC;0;999,8;999,8;999;;24,4;22,2;24,9;24,4;22,6;21,9;88;84;87;4;4,5;1,1;
2025/02/24;0000 UTC;0;1001,6;1001,6;999,8;;24,2;21,8;24,4;24,1;22,1;21,7;87;86;86;341;5,3;1,6;
2025/02/24;0100 UTC;0;1002,7;1002,7;1001,6;;24,2;21,7;24,2;24,1;21,8;21,6;86;86;86;3;4,1;,6;
2025/02/24;0200 UTC;0;1003,7;1003,8;1002,7;;23;20,7;24,3;23;21,8;20,7;87;86;87;36;5,9;3,1;
2025/02/24;0300 UTC;,2;1003;1003,8;1003;;22,7;20,7;23;22,7;20,8;20,6;88;87;88;19;5,1;1,1;
2025/02/24;0400 UTC;6,2;1003;1003,2;1002,9;;22,6;20,8;22,8;22,6;20,9;20,7;89;88;89;26;2,9;1,4;
2025/02/24;0500 UTC;4,6;1002,1;1003,1;1002,1;;22,6;20,8;22,6;22,5;20,9;20,7;90;89;90;61;2,6;,8;
2025/02/24;0600 UTC;2,8;1001,1;1002,2;1001,1;;22,6;20,9;22,7;22,5;21;20,8;90;90;90;328;2,6;1,2;
2025/02/24;0700 UTC;1,4;1000,9;1001,1;1000,8;;22,5;20,9;22,6;22,5;20,9;20,8;90;90;90;50;3;,6;
2025/02/24;0800 UTC;,2;1001,3;1001,3;1000,9;;22,6;20,9;22,7;22,5;21;20,8;90;90;90;246;2;,5;
2025/02/24;0900 UTC;,2;1001,4;1001,4;1001,2;;22,6;20,9;22,7;22,6;21,1;20,9;90;90;90;248;1,4;,2;
2025/02/24;1000 UTC;0;1001,6;1001,6;1001,4;;22,6;21;22,7;22,6;21,1;20,9;91;90;90;253;2;,7;
2025/02/24;1100 UTC;0;1002,5;1002,5;1001,6;;23,1;21,4;23,1;22,6;21,5;21;91;90;90;294;1,9;1;
2025/02/24;1200 UTC;0;1003,1;1003,1;1002,5;;23,7;21,8;23,9;23;22,1;21,3;91;89;89;272;3,2;1,4;
2025/02/24;1300 UTC;0;1003,4;1003,4;1003,1;;24,8;22,2;24,9;23,7;22,5;21,9;89;85;85;300;3,2;,9;
2025/02/24;1400 UTC;0;1003,7;1003,7;1003,4;;25,7;22,4;25,8;24,7;22,6;21,9;86;81;82;302;3,2;1;
2025/02/24;1500 UTC;0;1003,4;1003,7;1003,4;;26;22,1;26,7;25,7;22,8;22;82;78;79;29;4,3;1,7;
2025/02/24;1600 UTC;0;1002,6;1003,4;1002,6;;27,1;22,2;27,7;25,9;23,1;22;81;73;75;315;3,7;1,6;
2025/02/24;1700 UTC;0;1001;1002,6;1001;;27,8;22,8;27,8;26,8;22,9;21,8;77;73;74;312;4;1,7;
2025/02/24;1800 UTC;0;999,8;1001;999,8;;28,4;22,6;28,8;27,5;23,4;22;76;69;71;226;3,7;,7;
2025/02/24;1900 UTC;0;998,6;999,8;998,6;;28,5;22,4;28,6;28;22,7;21,8;72;69;70;287;2,8;,6;
2025/02/24;2000 UTC;0;998,1;998,7;998,1;;29,2;22,2;29,8;28,1;23,4;22;71;65;66;199;3,3;1,7;
2025/02/24;2100 UTC;0;998,4;998,4;998,1;;28,1;22,2;29,8;28,1;23;21,5;70;63;70;189;3,3;1,3;
2025/02/24;2200 UTC;0;999,5;999,5;998,4;;26,8;22,8;28,1;26,8;22,8;22,1;79;70;79;228;2,1;0;
2025/02/24;2300 UTC;0;1000,9;1000,9;999,5;;25,7;22,5;26,7;25,7;22,9;22,4;82;79;82;284;,8;,2;
2025/02/25;0000 UTC;0;1002,3;1002,3;1000,9;;25,7;22,9;25,8;25,4;23;22,5;85;82;85;4;1,9;,9;
2025/02/25;0100 UTC;0;1002,8;1002,8;1002,2;;24,9;22,2;25,7;24,9;22,9;22,2;85;84;85;25;2,9;1,8;
2025/02/25;0200 UTC;0;1003,5;1003,5;1002,8;;23,9;21,2;24,9;23,9;22,1;21,2;85;83;85;37;4;1,3;
2025/02/25;0300 UTC;3,2;1003,7;1003,7;1003,3;;23,5;21,3;23,9;23,5;21,4;21,2;87;85;87;46;8,6;3,8;
2025/02/25;0400 UTC;8;1002,5;1003,8;1002,5;;23,6;21,8;23,6;23,2;21,8;21,2;90;87;90;53;8,6;1,7;
2025/02/25;0500 UTC;,4;1001,4;1002,5;1001,4;;23,4;21,7;23,6;23,4;21,8;21,7;90;90;90;318;2,7;,6;
2025/02/25;0600 UTC;0;1000,9;1001,4;1000,9;;23,2;21,6;23,4;23,2;21,7;21,5;90;90;90;281;1,7;,2;
2025/02/25;0700 UTC;0;1000,8;1001,1;1000,7;;23,3;21,6;23,3;23,2;21,6;21,5;90;90;90;16;,9;,1;
2025/02/25;0800 UTC;0;1001,2;1001,2;1000,8;;23,5;21,9;23,5;23,3;21,9;21,6;90;90;90;134;,9;0;
2025/02/25;0900 UTC;0;1001,7;1001,7;1001,2;;23,6;21,9;23,6;23,5;22;21,8;91;90;91;217;1,2;0;
2025/02/25;1000 UTC;0;1002,5;1002,5;1001,7;;23,6;22;23,7;23,5;22,1;21,8;91;90;91;48;2;,7;
2025/02/25;1100 UTC;0;1003,5;1003,5;1002,5;;24;22,4;24,1;23,6;22,4;22;91;91;91;111;1,9;,5;
2025/02/25;1200 UTC;0;1004,3;1004,3;1003,5;;25,1;23,3;25,1;24;23,4;22,3;91;90;90;39;1,6;,5;
2025/02/25;1300 UTC;0;1004,7;1004,7;1004,3;;26,6;22,9;27;25;24,2;22,9;90;80;80;36;3,9;2;
2025/02/25;1400 UTC;0;1004,4;1004,8;1004,4;;27,2;23;27,8;26,6;23,6;22,5;82;74;78;39;5,5;2,5;
2025/02/25;1500 UTC;0;1003,6;1004,5;1003,6;;29,7;22,9;29,8;27,2;24,2;22,7;78;66;67;66;5,5;3,2;
2025/02/25;1600 UTC;2,6;1002,4;1003,6;1002,4;;29,2;24,9;29,9;26,1;25,5;21,4;85;66;78;62;10,6;1,4;
2025/02/25;1700 UTC;0;1000,8;1002,4;1000,8;;30,3;23,6;30,5;29,2;25,3;22,7;78;66;67;108;5,8;2,6;
2025/02/25;1800 UTC;0;999,3;1000,8;999,3;;30,8;23,3;31,3;29,7;25;22;71;59;64;58;5,9;2,7;
2025/02/25;1900 UTC;0;998,6;999,3;998,5;;30,5;22,8;31,6;30,2;24,3;22,3;66;59;63;37;6,3;2,8;
2025/02/25;2000 UTC;0;998,6;998,8;998,6;;27,6;23,1;30,5;27,6;23,3;21;77;61;77;228;6,2;1,8;
2025/02/25;2100 UTC;0;999,4;999,4;998,6;;27,5;23;27,6;27,3;23,5;23;79;76;76;324;3,4;1,5;
2025/02/25;2200 UTC;0;1000,4;1000,4;999,4;;26,3;23,2;27,5;26,3;23,2;22,9;83;76;83;322;3,3;,9;
2025/02/25;2300 UTC;10,6;1001,1;1001,1;1000,1;;25,3;23,2;26,3;24,9;23,3;22,5;88;83;88;310;6;1;
2025/02/26;0000 UTC;2;1002,8;1002,8;1001,1;;23,5;21,2;25,4;23,5;23,2;21,1;88;85;87;88;4,9;1,7;
2025/02/26;0100 UTC;,8;1004,2;1004,2;1002,6;;23,8;22;23,8;23,4;22;21,2;90;87;90;105;5,2;3,1;
2025/02/26;0200 UTC;3;1004,5;1004,5;1004,2;;23,6;21,8;23,8;23,5;22;21,6;90;89;90;53;5,2;2,6;
2025/02/26;0300 UTC;9,6;1004,2;1004,7;1004,2;;22,7;20,9;23,6;22,7;21,8;20,9;90;90;90;48;5,2;2,1;
2025/02/26;0400 UTC;,6;1003,6;1004,2;1003,6;;22,9;21,2;22,9;22,7;21,2;21;90;90;90;255;3,3;,1;
2025/02/26;0500 UTC;,4;1003;1003,6;1003;;23;21,3;23;22,8;21,3;21,1;90;90;90;70;1,5;,6;
2025/02/26;0600 UTC;0;1002,4;1003;1002,4;;23;21,4;23,1;22,9;21,5;21,2;90;90;90;253;1,5;0;
2025/02/26;0700 UTC;0;1002,2;1002,4;1002,2;;23;21,3;23,1;22,9;21,5;21,3;91;90;91;153;1;,2;
2025/02/26;0800 UTC;,2;1001,8;1002,2;1001,8;;22,9;21,3;23;22,9;21,4;21,3;91;91;91;264;1;0;
2025/02/26;0900 UTC;0;1002;1002;1001,7;;23,1;21,4;23,1;22,9;21,5;21,3;91;91;91;312;0;0;
2025/02/26;1000 UTC;0;1001,9;1002,1;1001,8;;23;21,4;23,1;23;21,5;21,4;91;91;91;320;0;0;
2025/02/26;1100 UTC;0;1002,5;1002,5;1001,9;;23,6;22;23,7;23;22;21,4;91;91;91;224;0;0;
2025/02/26;1200 UTC;0;1003,6;1003,6;1002,5;;25;23,3;25;23,4;23,3;21,8;91;90;90;13;2,2;,4;
2025/02/26;1300 UTC;0;1004,4;1004,4;1003,6;;26,3;23;26,3;25;24,3;22,9;90;82;82;47;3,4;1,8;
2025/02/26;1400 UTC;0;1004,8;1004,9;1004,4;;26,7;22,4;27,5;26,2;23,7;22,2;83;76;77;28;4,6;2,2;
2025/02/26;1500 UTC;,2;1004,5;1004,8;1004,5;;25,9;22,3;26,7;25,5;22,9;21,8;84;77;81;12;4,6;1,7;
2025/02/26;1600 UTC;0;1003,6;1004,5;1003,6;;27,2;22,6;27,4;25,8;23,4;22,1;83;75;76;355;4,2;1,9;
2025/02/26;1700 UTC;0;1002,7;1003,6;1002,7;;27,4;21,7;28,6;27;23,3;21,7;76;70;71;41;4,4;2,6;
2025/02/26;1800 UTC;0;1001,5;1002,7;1001,5;;28,4;22,6;28,6;26,3;23,1;21,2;74;70;71;290;4,6;1,5;
2025/02/26;1900 UTC;0;1000,1;1001,5;1000,1;;30;22,4;30,6;28,1;23,6;21,8;72;61;64;315;4,7;1,7;
2025/02/26;2000 UTC;0;999,4;1000,1;999,4;;29,6;21,8;30,7;28,8;23,2;21,4;66;61;63;8;4,5;1,3;
2025/02/26;2100 UTC;0;999,5;999,5;999,2;;28,2;22,2;29,9;28,2;22,3;21,4;70;61;70;296;4,2;1,6;
2025/02/26;2200 UTC;0;1000;1000;999,5;;27;22;28,3;26,9;22,4;22;76;70;74;342;2,9;,4;
2025/02/26;2300 UTC;0;1000,8;1000,8;1000;;26,5;22,4;27;26,5;22,4;21,8;78;74;78;343;1,4;0;
2025/02/27;0000 UTC;,2;1002;1002;1000,8;;25,6;22,8;26,5;25,5;22,8;22,4;84;78;84;320;,8;0;
2025/02/27;0100 UTC;0;1002,9;1002,9;1002;;25,5;23,1;25,7;25,4;23,1;22,7;86;84;86;76;1;,2;
2025/02/27;0200 UTC;4;1003,6;1003,9;1002,9;;23,1;21,1;25,6;22,8;23,2;20,7;88;83;88;149;9,9;,6;
2025/02/27;0300 UTC;,8;1003,7;1003,9;1003,6;;22,7;20,9;23,1;22,7;21,2;20,8;90;88;89;162;2,4;,5;
2025/02/27;0400 UTC;1,6;1003;1003,7;1003;;22,8;21,1;22,9;22,7;21,1;20,8;90;89;90;216;1,5;,9;
2025/02/27;0500 UTC;,8;1001,9;1003;1001,9;;22,7;21;22,8;22,7;21,1;21;90;90;90;159;1,5;0;
2025/02/27;0600 UTC;0;1001,3;1001,9;1001,3;;22,8;21,2;22,9;22,6;21,2;20,9;90;90;90;73;1,2;,7;
2025/02/27;0700 UTC;,2;1001;1001,3;1001;;23;21,4;23,1;22,8;21,4;21,2;90;90;90;33;1,8;,6;
2025/02/27;0800 UTC;,2;1001;1001,2;1001;;23,3;21,6;23,3;23;21,6;21,4;90;90;90;73;1,8;,1;
2025/02/27;0900 UTC;0;1001,4;1001,4;1001;;23,3;21,7;23,4;23,2;21,7;21,5;91;90;90;233;1,7;0;
2025/02/27;1000 UTC;0;1002;1002;1001,4;;23,2;21,6;23,4;23,2;21,7;21,6;91;90;91;126;1,5;,3;
2025/02/27;1100 UTC;0;1003,3;1003,3;1002;;23,6;21,9;23,6;23,2;21,9;21,6;91;91;91;85;1,9;0;
2025/02/27;1200 UTC;0;1004,1;1004,1;1003,3;;23,7;22;23,8;23,5;22,2;21,9;91;90;90;72;1,2;,3;
2025/02/27;1300 UTC;,4;1004,3;1004,4;1004,1;;24,4;22,7;24,5;23,5;22,8;21,9;90;90;90;269;1,4;0;
2025/02/27;1400 UTC;0;1004,2;1004,4;1004,2;;26,8;22,8;26,8;24,4;23,6;22,6;90;79;79;77;3,6;1,8;
2025/02/27;1500 UTC;0;1003,3;1004,2;1003,3;;28,3;22,3;28,4;26,8;23,3;21,9;79;70;70;297;3,9;,6;
2025/02/27;1600 UTC;0;1002,2;1003,3;1002,2;;28,7;23,2;29;27,7;23,4;21,6;74;66;72;227;3;1,2;
2025/02/27;1700 UTC;0;1001,3;1002,2;1001,3;;29,2;21,7;29,6;28,7;23,2;21,6;72;64;64;278;3;1,1;
2025/02/27;1800 UTC;0;1000,1;1001,3;1000,1;;27,9;22,7;29,7;27,9;22,9;21,7;73;64;73;285;5,1;3,3;
2025/02/27;1900 UTC;0;999,3;1000,1;999,3;;28,2;22,2;28,6;27,8;23,2;21,8;75;67;70;287;5,1;2,5;
2025/02/27;2000 UTC;0;998,8;999,3;998,8;;27,5;22,8;28,1;27,4;23,1;22;77;70;76;302;6,4;2,5;
2025/02/27;2100 UTC;0;998,6;998,8;998,6;;27,5;22,5;29,1;27,5;23,6;22,2;77;69;74;273;4,8;2,2;
2025/02/27;2200 UTC;0;999,3;999,3;998,6;;26,2;22,3;27,5;26,2;22,6;22,2;79;74;79;249;4;0;
2025/02/27;2300 UTC;0;1000,4;1000,4;999,3;;25,9;22,4;26,2;25,7;22,4;22,1;81;79;81;39;1,7;,6;
2025/02/28;0000 UTC;0;1001,5;1001,5;1000,4;;25,6;22,8;26;25,5;22,8;22,4;84;81;84;145;1,2;0;
2025/02/28;0100 UTC;0;1002,5;1002,5;1001,5;;25,4;22,9;25,6;25,3;23;22,8;86;84;86;64;1,6;1;
2025/02/28;0200 UTC;0;1002,5;1002,8;1002,5;;23,9;21,2;25,5;23,9;22,9;20,5;86;79;85;83;6,6;1,2;
2025/02/28;0300 UTC;0;1003;1003,1;1002,5;;23,9;21,5;24;23,9;21,6;21,2;87;85;87;75;4;1,8;
2025/02/28;0400 UTC;0;1002,3;1003;1002,3;;24;21,7;24;23,8;21,8;21,5;87;87;87;145;4;,3;
2025/02/28;0500 UTC;0;1001,7;1002,3;1001,7;;23,9;21,8;24;23,8;21,8;21,6;88;87;88;81;1,5;,7;
2025/02/28;0600 UTC;0;1001,2;1001,7;1001,2;;24;21,9;24;23,9;22;21,8;88;88;88;108;2,8;1,6;
2025/02/28;0700 UTC;,2;1001;1001,2;1000,9;;23,3;21,4;24;23,3;21,9;21,4;89;88;89;109;5,2;2,3;
2025/02/28;0800 UTC;4;1001;1001,2;1001;;23;21,2;23,3;22,9;21,5;21,1;90;89;90;135;4,1;,6;
2025/02/28;0900 UTC;1,4;1000,9;1001;1000,9;;22,7;20,9;23,1;22,6;21,3;20,9;90;90;90;240;1,7;,5;
2025/02/28;1000 UTC;,2;1001,2;1001,2;1000,8;;22,6;20,9;22,8;22,6;21,1;20,8;90;90;90;211;3;1,6;
2025/02/28;1100 UTC;0;1001,7;1001,7;1001,3;;22,9;21,2;23;22,4;21,3;20,7;90;90;90;230;3;1,1;
2025/02/28;1200 UTC;0;1002,4;1002,4;1001,7;;24,5;22,4;24,5;23;22,5;21,3;90;88;88;279;3,1;,5;
2025/02/28;1300 UTC;0;1002,8;1002,8;1002,4;;26,6;22,7;26,6;24,4;23;22,1;88;79;79;4;1,9;,4;
2025/02/28;1400 UTC;0;1003,1;1003,1;1002,8;;27,8;22,4;28;26,2;23,3;21,9;80;72;73;3;4,3;1,6;
2025/02/28;1500 UTC;0;1002,4;1003,1;1002,4;;28,9;23,1;29;27,8;23,7;21,8;74;68;71;131;3,6;1,6;
2025/02/28;1600 UTC;0;1001,2;1002,4;1001,2;;31;22,5;31;28,9;24;21;73;57;61;45;3,5;,9;
2025/02/28;1700 UTC;0;999,6;1001,2;999,6;;30,5;22,9;32,3;30,3;23,2;20,1;64;52;64;62;5,3;2,9;
2025/02/28;1800 UTC;0;998,3;999,6;998,3;;31,8;22,2;31,8;30,4;23,3;21,5;65;57;57;301;6,1;1,7;
2025/02/28;1900 UTC;,2;997,6;998,3;997,6;;27,7;24;32,7;27,3;24;21,9;80;55;80;250;4,6;1,5;
2025/02/28;2000 UTC;,2;997,5;997,6;997,4;;29,8;23,8;30,1;27,7;24,9;23,4;81;69;70;269;4,4;2,1;
2025/02/28;2100 UTC;0;997,7;997,9;997,5;;26,7;22,8;30;26,7;24;22,7;79;69;79;328;5,4;1,2;
2025/02/28;2200 UTC;0;998,4;998,4;997,7;;26,2;22,9;26,7;26,2;23;22,7;82;79;82;310;3;1;
2025/02/28;2300 UTC;0;999,8;999,8;998,4;;25,6;22,7;26,2;25,6;23,1;22,7;84;82;84;281;2;,4;
2025/03/01;0000 UTC;0;1000,7;1000,7;999,8;;25,7;22,9;25,8;25,6;23;22,6;85;83;84;20;1,2;0;
2025/03/01;0100 UTC;0;1000,9;1000,9;1000,6;;25,6;22,7;25,8;25,6;23;22,7;85;83;84;339;1,7;,2;
2025/03/01;0200 UTC;0;1001,4;1001,4;1000,9;;25,2;22,6;25,6;25,2;22,8;22,6;85;84;85;304;1,4;,6;
2025/03/01;0300 UTC;0;1001,5;1001,8;1001,4;;25,1;22,6;25,2;25,1;22,7;22,6;86;85;86;297;1,6;,2;
2025/03/01;0400 UTC;0;1001,1;1001,5;1001;;24,8;22,5;25,1;24,7;22,7;22,5;87;86;87;290;,9;0;
2025/03/01;0500 UTC;,6;1000,4;1001,1;1000,4;;24,7;22,5;24,9;24,7;22,6;22,4;88;87;88;43;1,7;,9;
2025/03/01;0600 UTC;6,4;1000;1000,4;1000;;24,4;22,5;24,7;24,4;22,6;22,4;89;88;89;30;3,3;1,7;
2025/03/01;0700 UTC;1;999,7;1000;999,7;;24;22,2;24,4;24;22,5;22,2;90;89;90;21;4;1,7;
2025/03/01;0800 UTC;,2;999,7;999,8;999,6;;23,6;21,8;24,1;23,6;22,3;21,8;90;90;90;52;5;1,6;
2025/03/01;0900 UTC;0;1000;1000;999,7;;23,7;21,9;23,7;23,5;22;21,7;90;90;90;39;2,6;0;
2025/03/01;1000 UTC;0;1000,6;1000,6;1000;;23,8;22;23,8;23,7;22,1;21,9;90;90;90;353;2,3;,8;
2025/03/01;1100 UTC;0;1001,2;1001,2;1000,6;;24,2;22,3;24,3;23,7;22,5;22;90;89;89;13;3,2;1,2;
2025/03/01;1200 UTC;0;1002,3;1002,3;1001,2;;24,9;22,8;24,9;24,2;22,8;22,3;89;88;88;42;3,4;1,5;
2025/03/01;1300 UTC;0;1002,5;1002,6;1002,3;;26,7;23;26,7;24,7;23,4;22,5;88;80;80;359;5;1,8;
2025/03/01;1400 UTC;0;1002,7;1002,7;1002,5;;26,9;22,3;27,6;26,2;23,5;21,9;81;75;76;338;5,2;1,6;
2025/03/01;1500 UTC;0;1002,4;1002,7;1002,4;;27,3;22,6;27,4;26,2;23;21,9;79;75;76;357;4,6;1,2;
2025/03/01;1600 UTC;0;1001;1002,4;1001;;28,8;23,1;28,8;27,2;23,3;22,3;76;70;71;269;4,9;2,4;
2025/03/01;1700 UTC;16,2;999,9;1001;999,9;;25,8;23,9;29,8;24,4;24,1;21,7;90;67;89;7;7,5;,6;
2025/03/01;1800 UTC;,2;999,1;999,9;999,1;;26,5;24,1;26,6;25,1;24,5;23;89;87;87;116;2,7;,4;
2025/03/01;1900 UTC;6,6;998,2;999,2;998,2;;24,6;22,7;26,5;24,2;24,1;21,8;90;83;89;30;7,2;,8;
2025/03/01;2000 UTC;,2;997,8;998,2;997,8;;25,1;23,1;25,1;24,6;23,1;22,6;89;88;89;49;2;,4;
2025/03/01;2100 UTC;0;997,8;997,8;997,5;;25,3;23,1;25,5;25;23,5;22,9;89;88;88;50;1,4;0;
2025/03/01;2200 UTC;0;999,2;999,2;997,9;;25;23,1;25,3;25;23,1;23;89;88;89;89;1;0;
2025/03/01;2300 UTC;0;1000,3;1000,3;999,2;;24,8;23;25,1;24,8;23,2;22,9;90;89;90;54;0;0;
2025/03/02;0000 UTC;0;1000,9;1000,9;1000,3;;24,9;23,1;25;24,8;23,2;23;90;90;90;64;3,2;1,5;
2025/03/02;0100 UTC;,2;1001,5;1001,5;1000,8;;24,4;22,6;24,9;24,3;23,1;22,5;90;90;90;64;4,3;2,1;
2025/03/02;0200 UTC;0;1002,2;1002,2;1001,5;;23,6;21,8;24,4;23,6;22,6;21,8;90;89;89;11;5,3;1,2;
2025/03/02;0300 UTC;0;1002,1;1002,4;1002,1;;23,7;21,9;23,8;23,6;21,9;21,8;90;89;90;58;2,9;1;
2025/03/02;0400 UTC;0;1001,4;1002,1;1001,4;;23,6;21,8;23,8;23,6;21,9;21,8;90;89;90;48;1,8;,6;
2025/03/02;0500 UTC;,4;1000,9;1001,4;1000,9;;23,6;21,8;23,7;23,6;21,9;21,8;90;90;90;80;1,6;,6;
2025/03/02;0600 UTC;0;1000,4;1000,9;1000,4;;23,5;21,8;23,6;23,5;21,9;21,7;90;90;90;34;1,7;,3;
2025/03/02;0700 UTC;0;1000;1000,4;1000;;23,6;21,9;23,7;23,5;22;21,8;90;90;90;20;1,1;0;
2025/03/02;0800 UTC;0;1000,4;1000,4;999,8;;23,8;22,1;23,8;23,6;22,1;21,9;90;90;90;162;1,2;,4;
2025/03/02;0900 UTC;0;1001,1;1001,1;1000,4;;23,7;22,1;23,8;23,7;22,1;22;90;90;90;75;1,4;,2;
2025/03/02;1000 UTC;,2;1001,8;1001,8;1001,1;;23,8;22,1;23,9;23,6;22,2;22;90;90;90;185;1,3;,5;
2025/03/02;1100 UTC;0;1002,2;1002,2;1001,8;;24;22,4;24;23,7;22,4;22,1;91;90;90;217;1,4;,6;
2025/03/02;1200 UTC;0;1002,8;1002,8;1002,2;;25,6;23,5;25,6;24;23,6;22,4;90;88;89;194;1,9;,5;
2025/03/02;1300 UTC;0;1003,3;1003,3;1002,8;;27,6;22,4;27,9;25,6;23,6;22,2;89;73;74;60;2,3;1;
2025/03/02;1400 UTC;0;1003,4;1003,5;1003,3;;28,2;23,4;28,8;27,5;23,7;22;76;71;75;51;3,2;1;
2025/03/02;1500 UTC;0;1002,9;1003,4;1002,9;;29,7;22,8;30,2;28,2;24,1;21,9;75;65;66;47;4,7;1,6;
2025/03/02;1600 UTC;0;1001,5;1002,9;1001,5;;29,8;21,9;30,6;29,5;23,7;21,9;68;62;62;333;4,5;,5;
2025/03/02;1700 UTC;0;999,8;1001,5;999,8;;31,3;22,4;32,4;29,8;24;21,2;65;56;59;104;3,9;2,3;
2025/03/02;1800 UTC;0;998,4;999,8;998,4;;30,5;21,7;32;30,5;23;20,9;62;53;59;82;3,9;1,7;
2025/03/02;1900 UTC;0;997,5;998,4;997,5;;32,1;21,1;32,8;30,5;22,8;20,8;62;51;52;43;3,9;1,8;
2025/03/02;2000 UTC;0;997,4;997,6;997,4;;28,5;23;32,1;28,4;23,2;20,2;73;51;72;59;7;,7;
2025/03/02;2100 UTC;0;997,8;997,8;997;;27,7;23,6;28,6;27,7;23,6;23;78;72;78;204;2,1;,8;
2025/03/02;2200 UTC;0;998,4;998,4;997,8;;26,7;23,6;27,7;26,7;23,8;23;83;78;83;206;1,8;,8;
2025/03/02;2300 UTC;1;1000,2;1000,2;998,4;;25,1;22,2;26,7;25,1;23,8;22,2;85;83;84;43;6,4;3,6;
2025/03/03;0000 UTC;21,6;1002,1;1002,1;1000,2;;24,1;22,3;25,1;24,1;22,5;22;90;84;90;49;6,4;3,3;
2025/03/03;0100 UTC;12,6;1002,5;1002,5;1002,1;;23,3;21,7;24,1;22,9;22,3;21,2;91;89;91;74;12,2;1,9;
2025/03/03;0200 UTC;5,4;1002,9;1002,9;1002,5;;23,3;21,7;23,4;23,3;21,8;21,6;91;90;91;79;3,4;,7;
2025/03/03;0300 UTC;5,4;1002,5;1002,9;1002,5;;23,2;21,6;23,4;23,2;21,8;21,6;91;91;91;102;1,7;,2;
2025/03/03;0400 UTC;3;1002,3;1002,5;1002,3;;23,5;21,9;23,5;23,2;21,9;21,6;91;91;91;207;1;0;
2025/03/03;0500 UTC;,6;1001,2;1002,3;1001,2;;23,3;21,7;23,5;23,3;21,9;21,7;91;91;91;216;1,6;,1;
2025/03/03;0600 UTC;,2;1001,2;1001,2;1000,9;;23,2;21,6;23,4;23,2;21,8;21,6;91;91;91;159;1,9;,7;
2025/03/03;0700 UTC;0;1000,9;1001,2;1000,9;;23,1;21,6;23,3;23,1;21,7;21,5;91;91;91;132;2,1;,9;
2025/03/03;0800 UTC;,2;1000,7;1000,9;1000,7;;23,1;21,5;23,2;23,1;21,6;21,5;91;91;91;167;2,5;,6;
2025/03/03;0900 UTC;0;1000,7;1000,7;1000,5;;23,1;21,5;23,1;23;21,5;21,4;91;91;91;78;1,5;,7;
2025/03/03;1000 UTC;0;1001,7;1001,7;1000,7;;23,1;21,5;23,1;23;21,6;21,4;91;91;91;73;2,9;1,5;
2025/03/03;1100 UTC;,2;1002,3;1002,3;1001,7;;23,2;21,6;23,3;23,1;21,7;21,5;91;91;91;68;2,9;1,6;
2025/03/03;1200 UTC;,8;1002,9;1002,9;1002,3;;23,7;22;23,8;23,1;22,1;21,5;91;90;91;100;3,1;1,6;
2025/03/03;1300 UTC;0;1002,8;1002,9;1002,8;;25,3;23,4;25,5;23,5;23,7;21,9;91;89;89;105;3,4;1,6;
2025/03/03;1400 UTC;0;1002,1;1002,8;1002,1;;27,7;23,1;27,7;25,3;23,9;22,6;89;76;76;85;5,1;2,8;
2025/03/03;1500 UTC;0;1001,3;1002,1;1001,3;;29,4;23,4;29,4;27,5;23,6;22,4;77;70;70;29;5,7;2,3;
2025/03/03;1600 UTC;,2;1000,5;1001,3;1000,5;;29,9;23,4;30;29;23,6;22,4;71;66;68;53;6,4;3,9;
2025/03/03;1700 UTC;0;999,5;1000,5;999,5;;30,8;22,3;31,3;29,9;23,8;22,2;68;60;61;74;6,7;2,6;
2025/03/03;1800 UTC;0;998,3;999,5;998,3;;29,7;23,1;31,8;29,7;23,5;21,8;68;57;68;110;6;3,2;
2025/03/03;1900 UTC;0;997,4;998,3;997,4;;29,7;23,3;31,2;28,9;24,3;22;71;60;68;135;5,4;2;
2025/03/03;2000 UTC;0;996,9;997,4;996,9;;29,9;22,5;30,7;29,6;23,4;21,9;68;61;65;130;5,1;1,9;
2025/03/03;2100 UTC;0;997,8;997,8;997;;29,3;22,9;29,9;29,3;23,1;22,3;69;64;68;207;3,9;,9;
2025/03/03;2200 UTC;0;998,3;998,4;997,8;;27,2;23,1;29,3;27,2;23,4;22,8;78;68;78;302;3;1,7;
2025/03/03;2300 UTC;0;999,1;999,1;998,3;;25,8;22,3;27,2;25,8;23,1;22,2;82;78;81;316;3,4;1,7;
2025/03/04;0000 UTC;0;999,5;999,5;998,7;;25,5;22,5;25,8;25,4;22,6;22,3;84;81;84;354;2,4;,7;
2025/03/04;0100 UTC;0;1001,1;1001,1;999,6;;25,3;22,6;25,6;25,2;22,7;22,3;85;82;85;58;1,3;,3;
2025/03/04;0200 UTC;0;1001,3;1001,3;1000,8;;24,9;22,4;25,4;24,8;22,8;22,2;86;85;86;61;2,2;0;
2025/03/04;0300 UTC;0;1000,5;1001,3;1000,5;;24,7;22,3;24,9;24,6;22,4;22,2;87;86;87;316;1,8;,8;
2025/03/04;0400 UTC;6,6;1000,4;1000,8;1000,4;;23,9;21,6;25;23,9;22,5;21,6;87;85;87;177;5,3;1,8;
2025/03/04;0500 UTC;21,4;1000,8;1000,8;1000,4;;22,8;21,1;23,9;22,8;21,7;21;90;87;90;81;6,3;2,5;
2025/03/04;0600 UTC;15,6;1000,4;1001;1000,4;;22,5;20,8;22,9;22,5;21,2;20,8;90;90;90;70;5,6;1,3;
2025/03/04;0700 UTC;5,8;1000,1;1000,4;1000,1;;22,4;20,8;22,6;22,4;21;20,8;91;90;91;25;3,5;,8;
2025/03/04;0800 UTC;3;1000,1;1000,1;999,9;;22,5;20,9;22,6;22,4;21;20,8;91;91;91;15;2,4;1,1;
2025/03/04;0900 UTC;1,2;1000;1000,1;1000;;22,4;20,8;22,5;22,4;20,9;20,8;91;91;91;54;2,4;0;
2025/03/04;1000 UTC;1;1000,3;1000,3;1000;;22,6;21;22,6;22,4;21;20,8;91;91;91;4;1,9;,6;
2025/03/04;1100 UTC;,2;1001;1001;1000,3;;22,8;21,2;22,9;22,5;21,3;20,9;91;91;91;21;2,5;,8;
2025/03/04;1200 UTC;0;1001,7;1001,7;1001;;23,5;21,8;23,5;22,8;21,9;21,2;91;90;90;17;3,7;1,8;
2025/03/04;1300 UTC;0;1001,8;1001,9;1001,7;;25,8;23,6;25,9;23,5;23,7;21,8;91;87;87;31;3,9;1,7;
2025/03/04;1400 UTC;0;1001,3;1001,9;1001,3;;28,1;22,6;28,5;25,8;24;22,5;87;72;72;34;5,5;3;
2025/03/04;1500 UTC;0;1000,9;1001,3;1000,9;;28,1;22,8;28,5;27,6;23,5;22,2;76;71;73;50;5,8;2,5;
2025/03/04;1600 UTC;0;999,9;1000,9;999,9;;29,4;22,7;30;28,1;23,9;22;73;65;68;64;5,6;3,2;
2025/03/04;1700 UTC;0;998,2;999,9;998,2;;29,9;23,6;30,4;28,4;24;22,2;71;65;69;19;5,6;1,7;
2025/03/04;1800 UTC;0;996,7;998,2;996,7;;30,7;22,1;31,6;29,8;24,1;22;70;59;60;39;4,2;1,6;
2025/03/04;1900 UTC;0;996,1;996,7;996;;31,4;21,9;31,8;29,5;23,6;21,7;66;56;57;36;4,8;1,4;
2025/03/04;2000 UTC;0;996;996,1;995,7;;28,6;22,4;32,6;28,6;23,7;21,4;69;55;69;35;8,8;3,9;
2025/03/04;2100 UTC;1;996,7;996,7;996;;26,4;22,7;28,5;26,4;23,1;22,1;82;70;80;35;8,8;1,9;
2025/03/04;2200 UTC;0;997,8;997,8;996,7;;25,7;22,1;26,6;25,7;23,2;22,1;81;80;80;31;6,5;1,9;
2025/03/04;2300 UTC;0;999,1;999,1;997,8;;25,5;22,5;25,7;25,5;22,6;22,1;84;80;84;40;4,3;1,6;
2025/03/05;0000 UTC;0;999,6;999,6;999,1;;24,8;21,7;25,6;24,8;22,6;21,7;84;83;83;59;5,7;2,7;
2025/03/05;0100 UTC;0;1000,4;1000,4;999,6;;24,6;21,8;24,8;24,6;21,8;21,7;84;83;84;36;4,8;1,4;
2025/03/05;0200 UTC;0;1000,9;1000,9;1000,4;;24,5;22;24,6;24,5;22;21,8;86;84;86;56;3,4;1,6;
2025/03/05;0300 UTC;0;1000,9;1001,1;1000,9;;24,4;22,1;24,6;24,4;22,1;22;87;86;87;47;3,3;1,7;
2025/03/05;0400 UTC;,2;1000,4;1000,9;1000,4;;24,2;22,2;24,4;24,2;22,2;22;88;87;88;61;2,5;,3;
2025/03/05;0500 UTC;7,8;1000,1;1000,7;1000,1;;23,2;21,2;24,3;23;22,3;21;89;88;88;69;12,1;3,5;
2025/03/05;0600 UTC;6,4;999,7;1000,2;999,7;;23,2;21,4;23,3;23,2;21,5;21,2;90;88;90;56;6,6;2,1;
2025/03/05;0700 UTC;5,2;999,6;999,7;999,6;;23,1;21,4;23,2;23,1;21,5;21,4;90;90;90;30;3,5;,8;
2025/03/05;0800 UTC;1,6;999,6;999,6;999,4;;23,1;21,4;23,2;23,1;21,5;21,4;90;90;90;326;2,5;,6;
2025/03/05;0900 UTC;,6;999,8;999,8;999,5;;22,9;21,2;23,1;22,9;21,4;21,2;90;90;90;340;2,4;,8;
2025/03/05;1000 UTC;,2;1000,7;1000,7;999,8;;23;21,3;23;22,8;21,3;21,2;90;90;90;309;2,4;,3;
2025/03/05;1100 UTC;0;1001,4;1001,4;1000,7;;23,2;21,6;23,3;22,9;21,6;21,3;90;90;90;247;1,9;,8;
2025/03/05;1200 UTC;,4;1002,6;1002,6;1001,4;;23,4;21,7;23,5;23,2;21,8;21,5;90;90;90;278;1,9;,2;
2025/03/05;1300 UTC;,2;1003;1003;1002,6;;23,6;21,8;23,8;23,4;22;21,6;90;90;90;231;1,6;,5;
2025/03/05;1400 UTC;0;1003,2;1003,2;1003;;24,7;22,5;24,8;23,6;22,7;21,8;90;88;88;283;1,8;,7;
2025/03/05;1500 UTC;,2;1002,7;1003,2;1002,7;;25,3;22,6;25,4;24,5;22,9;22,3;88;85;85;359;2,9;1,2;
2025/03/05;1600 UTC;0;1002;1002,7;1002;;26,9;22,9;26,9;25,2;23,3;22;85;78;79;21;4,2;1,6;
2025/03/05;1700 UTC;0;1000,8;1002;1000,8;;27,4;22,4;27,7;26,8;23,1;21,6;79;72;74;39;4;1,5;
2025/03/05;1800 UTC;0;999,6;1000,8;999,6;;28,1;22,5;28,1;27,4;22,8;21,8;75;70;72;335;3;,5;
2025/03/05;1900 UTC;0;998,8;999,6;998,8;;27,9;22,4;28,4;27,4;22,8;21,8;73;69;72;232;2,1;,4;
2025/03/05;2000 UTC;,6;998,6;998,8;998,6;;24,8;22,5;27,9;24,8;22,6;21,9;87;72;87;280;4,8;1,5;
2025/03/05;2100 UTC;0;999,1;999,1;998,5;;25;22,8;25;24,6;22,8;22,2;88;86;88;144;2,6;0;
2025/03/05;2200 UTC;0;999,6;999,7;999,1;;24,7;22,5;25;24,7;22,9;22,5;88;87;88;278;1,2;,7;
2025/03/05;2300 UTC;0;1000,5;1000,5;999,6;;24,5;22,5;24,7;24,4;22,6;22,3;89;88;89;133;1,4;,2;
2025/03/06;0000 UTC;,2;1001,3;1001,3;1000,5;;24,4;22,6;24,6;24,4;22,7;22,5;90;89;90;210;1,1;,3;
2025/03/06;0100 UTC;0;1002;1002;1001,4;;24,1;22,4;24,4;24,1;22,6;22,3;90;90;90;220;1,4;,7;
2025/03/06;0200 UTC;0;1002,5;1002,5;1002;;24;22,3;24,2;24;22,5;22,3;90;90;90;96;1,4;,2;
2025/03/06;0300 UTC;0;1002,5;1002,7;1002,5;;24;22,3;24,1;23,9;22,4;22,2;90;90;90;106;1,5;,5;
2025/03/06;0400 UTC;,4;1001,9;1002,5;1001,9;;23,9;22,3;24;23,8;22,3;22,2;90;90;90;92;1,6;,8;
2025/03/06;0500 UTC;,2;1001,5;1002;1001,5;;23,9;22,2;24;23,8;22,3;22,1;90;90;90;129;2,7;,7;
2025/03/06;0600 UTC;0;1001,2;1001,5;1001,2;;23,6;21,9;23,9;23,6;22,2;21,9;90;90;90;144;3;,8;
2025/03/06;0700 UTC;,2;1000,7;1001,2;1000,7;;23,4;21,7;23,6;23,4;21,9;21,7;90;90;90;156;2,6;,4;
2025/03/06;0800 UTC;0;1000,8;1000,8;1000,6;;23,4;21,7;23,5;23,3;21,8;21,7;90;90;90;231;1,4;0;
2025/03/06;0900 UTC;0;1000,9;1000,9;1000,7;;23,3;21,6;23,4;23,2;21,8;21,6;91;90;90;230;1,9;,8;
2025/03/06;1000 UTC;,4;1001,1;1001,1;1000,8;;23,1;21,5;23,3;23;21,6;21,3;91;90;91;283;2,2;0;
2025/03/06;1100 UTC;0;1002;1002;1001,1;;23,8;22,2;23,8;22,9;22,2;21,3;91;90;91;84;1,2;,1;
2025/03/06;1200 UTC;0;1002,6;1002,6;1002;;25,3;22,8;25,3;23,7;23;21,9;91;86;86;30;2,2;,7;
2025/03/06;1300 UTC;0;1003;1003;1002,6;;25,7;21,1;26,6;25;22,7;21,1;86;75;76;63;4;2,3;
2025/03/06;1400 UTC;0;1003,3;1003,3;1003;;27,5;22,4;27,5;25,8;22,7;21,5;77;72;74;8;4,2;1,7;
2025/03/06;1500 UTC;0;1003;1003,3;1002,9;;27,9;21,7;28,5;27;22,6;21,5;74;68;69;111;4,2;1,9;
2025/03/06;1600 UTC;0;1002,4;1003;1002,4;;27,4;23;27,8;26,3;23,2;21,6;79;69;77;48;3,6;1,2;
2025/03/06;1700 UTC;0;1001,1;1002,4;1001,1;;28,9;22,9;29,9;27,4;24;22,2;78;66;70;55;4,9;1,9;
2025/03/06;1800 UTC;0;1000;1001,1;1000;;30,5;22,8;30,6;28,3;23,6;22;72;62;64;127;4;1,2;
2025/03/06;1900 UTC;0;999,4;1000;999,4;;30,2;21,7;31,1;29,9;23,7;21,4;66;59;61;85;4,8;2,4;
2025/03/06;2000 UTC;0;999;999,4;999;;30;21,9;31;29,2;22,9;21,4;67;58;62;38;5,5;,8;
2025/03/06;2100 UTC;0;999,2;999,2;999;;29;21,6;30,1;29;22,6;21,3;66;62;65;87;3,5;1,3;
2025/03/06;2200 UTC;0;999,4;999,4;999,2;;27,4;22,3;29;27,4;22,4;21;74;62;74;51;2,1;,5;
2025/03/06;2300 UTC;0;1000;1000;999,4;;26,3;22,7;27,4;26,3;22,9;22,4;81;74;81;78;1,4;,1;
2025/03/07;0000 UTC;0;1000,6;1000,6;1000;;25,5;22,6;26,3;25,5;22,9;22,5;84;81;84;74;1,5;,2;
2025/03/07;0100 UTC;0;1001,2;1001,2;1000,7;;25,1;22,4;25,5;25,1;22,6;22,4;85;84;85;66;1,1;,1;
2025/03/07;0200 UTC;0;1002;1002;1001,2;;25,2;22,4;25,3;25,1;22,5;22,3;85;84;84;54;1;,5;
2025/03/07;0300 UTC;0;1002,1;1002,3;1002;;25,2;22,7;25,3;25,1;22,7;22,3;86;84;86;123;1,1;0;
2025/03/07;0400 UTC;0;1002;1002,1;1002;;24,9;22,5;25,3;24,7;22,8;22,4;87;86;87;273;1,3;,1;
2025/03/07;0500 UTC;3,6;1001,6;1002;1001,4;;24,4;22,3;25;24,3;22,8;22,2;88;87;88;153;3;,8;
2025/03/07;0600 UTC;16,2;1001,9;1001,9;1001,3;;23,6;21,8;24,4;23,6;22,4;21,8;90;88;90;63;5;3,3;
2025/03/07;0700 UTC;24,4;1001,8;1002,2;1001,8;;22,5;20,9;23,7;22,5;22;20,9;90;89;90;49;12,7;2,5;
2025/03/07;0800 UTC;3;1001,8;1001,9;1001,7;;22,4;20,8;22,6;22,4;20,9;20,7;90;90;90;67;5,1;1,9;
2025/03/07;0900 UTC;3,8;1001,1;1001,8;1001,1;;22,4;20,7;22,4;22,3;20,8;20,7;90;90;90;349;3;0;
2025/03/07;1000 UTC;,4;1001,8;1001,8;1001,1;;22,5;20,9;22,5;22,4;20,9;20,7;91;90;90;231;2;1,3;
2025/03/07;1100 UTC;0;1002,8;1002,8;1001,8;;22,8;21,2;22,8;22,5;21,2;20,9;91;90;91;212;2,5;,5;
2025/03/07;1200 UTC;0;1003,3;1003,3;1002,8;;23,4;21,8;23,5;22,7;21,8;21,1;91;90;90;235;1,2;,1;
2025/03/07;1300 UTC;0;1003,4;1003,4;1003,3;;25,2;22,6;25,4;23,4;23,5;21,9;91;86;86;48;2,9;1,7;
2025/03/07;1400 UTC;0;1003,1;1003,4;1003,1;;27,8;22;28,4;25,2;23,4;21,7;86;70;71;43;5,1;2,1;
2025/03/07;1500 UTC;0;1003;1003,2;1003;;29;22,4;29;27,1;23,1;21,4;73;67;68;50;5,2;2,5;
2025/03/07;1600 UTC;0;1002,5;1003;1002,5;;29;22;29,3;28,4;23,1;21,5;70;65;66;49;6,4;3,2;
2025/03/07;1700 UTC;0;1001,5;1002,5;1001,5;;30,1;21,6;30,5;28,9;23;21,2;67;60;60;49;6,6;2,9;
2025/03/07;1800 UTC;0;1000,6;1001,5;1000,6;;31;22,8;31,4;29,6;23,8;21,3;65;58;62;38;5,4;2,3;
2025/03/07;1900 UTC;0;999,4;1000,6;999,4;;30,5;21,9;31,4;29,8;22,9;21,2;64;57;60;59;5,5;2,3;
2025/03/07;2000 UTC;0;998,4;999,4;998,4;;30,2;21,6;31;29,6;22,6;21,4;64;57;60;32;5,8;2,3;
2025/03/07;2100 UTC;0;998,9;999;998,4;;29;21,7;30,2;29;22,2;21,4;65;60;65;47;6;2;
2025/03/07;2200 UTC;0;999,9;999,9;998,9;;27,3;22,4;29;27,3;22,4;21,6;75;64;75;80;3,5;,5;
2025/03/07;2300 UTC;0;1000,6;1000,6;999,8;;26,3;22,9;27,3;26,3;22,9;22,5;82;75;82;78;1,5;,6;
2025/03/08;0000 UTC;,8;1001,2;1001,7;1000,6;;24,2;21,5;26,5;24,2;23;21,3;85;77;85;86;10,6;2,2;
2025/03/08;0100 UTC;,6;1002,1;1002,1;1001,2;;23,8;21,5;24,2;23,8;21,6;21,4;87;85;87;86;4,8;2,4;
2025/03/08;0200 UTC;1,8;1002,7;1002,7;1002,1;;23,8;21,8;23,9;23,7;21,8;21,5;89;87;89;105;3,8;0;
2025/03/08;0300 UTC;,2;1002,6;1002,7;1002,6;;24;22,1;24,1;23,6;22,2;21,7;89;89;89;219;1,4;,7;
2025/03/08;0400 UTC;,2;1002,3;1002,7;1002,3;;23,7;21,9;24;23,6;22,1;21,8;90;89;90;277;1,5;0;
2025/03/08;0500 UTC;0;1001,7;1002,3;1001,7;;23,7;22;23,9;23,7;22,1;21,9;90;90;90;231;1,5;0;
2025/03/08;0600 UTC;0;1001,1;1001,7;1001,1;;23,6;21,9;23,8;23,6;22;21,9;90;90;90;83;0;0;
2025/03/08;0700 UTC;0;1001,2;1001,2;1001;;23,8;22,1;23,8;23,6;22,1;21,9;90;90;90;38;0;0;
2025/03/08;0800 UTC;0;1001,2;1001,3;1001,1;;23,7;22;23,8;23,7;22,1;22;90;90;90;28;0;0;
2025/03/08;0900 UTC;0;1001,4;1001,4;1001,1;;23,7;22;23,8;23,6;22,1;21,9;90;90;90;118;0;0;
2025/03/08;1000 UTC;0;1001,9;1001,9;1001,4;;24;22,4;24;23,7;22,4;22;90;90;90;301;0;0;
2025/03/08;1100 UTC;0;1002,9;1002,9;1001,9;;24,5;22,8;24,6;23,9;22,9;22,3;90;90;90;20;0;0;
2025/03/08;1200 UTC;0;1003,4;1003,4;1002,9;;27;24,7;27;24,5;24,7;22,8;90;87;87;32;3,1;1,6;
2025/03/08;1300 UTC;0;1003,7;1003,8;1003,4;;27,3;22,8;27,3;26,3;24,5;22,1;87;75;77;46;6,2;3,5;
2025/03/08;1400 UTC;0;1003,8;1003,8;1003,6;;29;22,7;29,5;27,3;23,4;22,2;76;68;69;29;6,2;2,5;
2025/03/08;1500 UTC;0;1003,2;1003,8;1003,2;;30,1;22,4;30,1;28,5;23,5;21,9;70;63;63;29;4,9;1,9;
2025/03/08;1600 UTC;0;1001,7;1003,1;1001,7;;30,7;22,3;31;29,7;23,5;21,3;67;59;61;80;4,6;,8;
2025/03/08;1700 UTC;0;1000;1001,7;1000;;31,3;23,8;32,7;30,3;24,1;21,5;65;55;64;238;2,8;1,2;
2025/03/08;1800 UTC;0;998,8;1000;998,8;;30,9;22,8;32;30,6;23,5;21,8;64;56;62;142;3;1,2;
2025/03/08;1900 UTC;0;998;998,8;998;;30,8;21,7;32,9;30,8;24,5;21,5;64;55;58;71;5,6;3;
2025/03/08;2000 UTC;0;998,5;998,5;998;;27,9;22,5;30,8;27,9;22,9;21,5;74;58;73;219;5,4;2,5;
2025/03/08;2100 UTC;0;998,8;998,8;998,3;;27,4;22,6;27,9;27,4;23,1;22,4;75;73;75;235;3,9;,4;
2025/03/08;2200 UTC;0;999,8;999,8;998,6;;26,6;23,3;27,5;26,6;23,3;22,6;82;75;82;31;3,2;2;
2025/03/08;2300 UTC;0;1001,5;1001,5;999,8;;25,5;22,6;26,6;25,5;23,4;22,6;85;82;84;338;4,2;1,5;
2025/03/09;0000 UTC;0;1002,4;1002,4;1001,5;;24,9;22,1;25,6;24,9;22,7;22,1;85;84;84;20;4,3;1,8;
2025/03/09;0100 UTC;,2;1003,1;1003,1;1002,4;;24,8;22,3;24,9;24,7;22,3;22;86;84;86;43;5,7;2,3;
2025/03/09;0200 UTC;1,2;1003,8;1003,9;1003,1;;24;21,9;24,8;24;22,4;21,8;88;86;88;96;4,5;1,6;
2025/03/09;0300 UTC;2,4;1003,4;1004,2;1003,4;;23,7;21,8;24;23,7;22;21,7;89;88;89;55;3,3;,5;
2025/03/09;0400 UTC;2;1003;1003,4;1003;;23,7;21,9;23,7;23,5;21,9;21,7;90;89;90;355;1,6;,6;
2025/03/09;0500 UTC;,6;1002,6;1003,2;1002,6;;23,6;21,8;23,7;23,6;21,9;21,8;90;90;90;81;2,2;,1;
2025/03/09;0600 UTC;2,4;1001,9;1002,6;1001,9;;23,5;21,8;23,6;23,5;21,9;21,7;90;90;90;344;1,3;,4;
2025/03/09;0700 UTC;,4;1001,8;1002;1001,8;;23,5;21,8;23,6;23,4;21,9;21,7;90;90;90;290;1,6;,2;
2025/03/09;0800 UTC;,2;1001,8;1001,8;1001,7;;23,3;21,7;23,5;23,3;21,8;21,6;90;90;90;285;1,6;,3;
2025/03/09;0900 UTC;0;1002,1;1002,1;1001,8;;23,3;21,7;23,4;23,3;21,7;21,6;90;90;90;233;1,3;,2;
2025/03/09;1000 UTC;0;1002,7;1002,7;1002,1;;23,5;21,8;23,5;23,3;21,9;21,7;91;90;91;210;2,1;1,1;
2025/03/09;1100 UTC;0;1003,7;1003,7;1002,7;;23,9;22,3;23,9;23,5;22,3;21,8;91;90;91;206;3,5;1,5;
2025/03/09;1200 UTC;0;1004,1;1004,1;1003,7;;24,8;22,9;24,8;23,9;23;22,2;91;89;89;238;3,2;1,1;
2025/03/09;1300 UTC;0;1004,4;1004,5;1004;;26,3;23;26,4;24,8;23,4;22,7;89;82;82;228;2,8;,9;
2025/03/09;1400 UTC;0;1004,5;1004,6;1004,4;;28;23,1;28;26,2;23,2;22,1;82;74;75;247;2,7;,5;
2025/03/09;1500 UTC;0;1004,1;1004,5;1004,1;;29,3;23,3;29,3;27,5;23,3;22,1;75;68;70;186;2,4;,4;
2025/03/09;1600 UTC;0;1003;1004,1;1003;;29,4;22,5;29,8;28,7;23,5;21,9;71;64;66;313;3,8;1,7;
2025/03/09;1700 UTC;0;1001,3;1003;1001,3;;30,6;22,4;31,1;29,4;23,7;21,8;67;60;62;340;3,8;1,4;
2025/03/09;1800 UTC;0;999,8;1001,3;999,8;;29,8;22,8;30,7;29,8;23,6;22,1;67;62;66;325;3,7;1,3;
2025/03/09;1900 UTC;0;999,1;999,8;999;;28,3;23,2;29,8;28,3;23,6;22,5;74;66;74;180;3,5;1,1;
2025/03/09;2000 UTC;0;998,9;999,3;998,8;;26,6;22,6;28,3;26,6;23,7;22,6;81;74;79;293;5,1;2,8;
2025/03/09;2100 UTC;0;998,9;999,2;998,9;;25,7;22,3;26,6;25,7;22,5;21,6;82;76;82;30;5,5;1,9;
2025/03/09;2200 UTC;0;1000,6;1000,6;998,9;;25,2;22,4;25,7;25,2;22,5;22,2;84;82;84;267;3,5;,2;
2025/03/09;2300 UTC;0;1001;1001;1000,4;;25;22,4;25,3;25;22,5;22,2;86;84;85;353;1,3;,1;
2025/03/10;0000 UTC;0;1002;1002;1001;;24,7;22,4;25,1;24,7;22,6;22,3;87;85;87;14;2,7;1,4;
2025/03/10;0100 UTC;0;1002,9;1002,9;1002;;24,6;22,4;24,7;24,6;22,5;22,3;88;87;87;311;2,7;,4;
2025/03/10;0200 UTC;0;1003,1;1003,1;1002,8;;24,7;22,6;24,8;24,6;22,6;22,4;88;87;88;198;1,8;,1;
2025/03/10;0300 UTC;15,8;1004;1004;1003,1;;22,3;20,5;24,8;22,3;22,7;20,5;89;86;89;147;8,2;3;
2025/03/10;0400 UTC;5,2;1003,3;1004;1003,2;;22,3;20,6;22,4;21,9;20,6;20,1;90;89;90;43;8,1;2,2;
2025/03/10;0500 UTC;3,2;1002,9;1003,3;1002,9;;22,4;20,7;22,4;22,1;20,7;20,4;90;90;90;38;3,4;,5;
2025/03/10;0600 UTC;4;1002,4;1002,9;1002,4;;22,4;20,8;22,5;22,3;20,8;20,6;90;90;90;90;3,2;1;
2025/03/10;0700 UTC;1,6;1002,1;1002,4;1002,1;;22,4;20,8;22,5;22,4;20,8;20,7;91;90;90;360;3,3;,9;
2025/03/10;0800 UTC;,8;1002,2;1002,2;1001,8;;22,5;20,9;22,5;22,4;20,9;20,7;91;90;91;260;2,9;,5;
2025/03/10;0900 UTC;,4;1001,9;1002,2;1001,8;;22,3;20,7;22,5;22,3;20,9;20,7;91;90;91;333;3,9;,8;
2025/03/10;1000 UTC;0;1002,4;1002,4;1001,9;;22,3;20,7;22,4;22,3;20,7;20,7;91;91;91;260;2,4;,8;
2025/03/10;1100 UTC;0;1002,9;1002,9;1002,4;;22,6;20,9;22,7;22,3;21;20,7;91;90;90;1;2,4;,5;
2025/03/10;1200 UTC;0;1003,8;1003,8;1002,9;;23,4;21,7;23,5;22,5;21,8;20,9;91;90;90;322;2,3;,5;
2025/03/10;1300 UTC;0;1004,2;1004,3;1003,8;;24,4;22,1;24,4;23,2;22,2;21,4;90;87;87;297;2,9;1,3;
2025/03/10;1400 UTC;0;1004,1;1004,3;1004,1;;27,2;22,4;27,3;24,3;23,3;22;87;75;75;6;3,3;1,2;
2025/03/10;1500 UTC;0;1003,6;1004,2;1003,6;;28;21,3;28,4;27,1;22,9;21,3;77;67;67;35;3,8;1,3;
2025/03/10;1600 UTC;0;1002,7;1003,6;1002,7;;29,4;22,2;29,4;27,9;22,6;21;71;63;65;37;4,6;1,2;
2025/03/10;1700 UTC;0;1001,9;1002,7;1001,9;;28,4;22,1;29,7;28,1;22,4;21,2;69;62;69;40;4;2,2;
2025/03/10;1800 UTC;0;1000,7;1001,9;1000,7;;29,1;20,9;29,1;28,3;22,3;20,7;69;61;61;31;4,1;2;
2025/03/10;1900 UTC;0;999,5;1000,7;999,5;;30,2;21,2;30,4;29;22,2;20,1;63;57;59;32;4,7;2,4;
2025/03/10;2000 UTC;0;998,8;999,5;998,7;;29,7;20,7;30,3;29;21,5;20,3;62;57;59;26;4,8;2,1;
2025/03/10;2100 UTC;0;999,2;999,2;998,7;;28,5;20,7;29,7;28,5;21,5;20,6;63;59;63;24;4,7;2;
2025/03/10;2200 UTC;0;999,9;999,9;999,2;;27;21,9;28,5;27;21,9;20,7;74;63;74;48;4,2;1,6;
2025/03/10;2300 UTC;0;1001;1001;999,9;;25,9;20,8;27;25,8;21,9;20,8;75;73;74;22;3,5;,4;
2025/03/11;0000 UTC;0;1001,5;1001,6;1001;;24,9;20,7;25,9;24,9;21,1;20,5;78;73;78;43;1,7;1;
2025/03/11;0100 UTC;0;1001,9;1001,9;1001,4;;24,4;21;24,9;24,4;21;20,7;82;78;82;171;1,5;,1;
2025/03/11;0200 UTC;0;1001,8;1002;1001,8;;23,8;21,4;24,4;23,7;21,5;21,1;86;82;86;30;,6;0;
2025/03/11;0300 UTC;0;1001,6;1002;1001,6;;23,4;21,4;23,8;23,4;21,4;21,2;88;86;88;255;1,4;,6;
2025/03/11;0400 UTC;0;1001,1;1001,6;1001,1;;23,2;21,2;23,4;23;21,4;21;89;88;89;19;1,8;1;
2025/03/11;0500 UTC;0;1001,2;1001,2;1001;;22,8;20,9;23,2;22,8;21,2;20,9;89;89;89;319;2,3;,8;
2025/03/11;0600 UTC;0;1001,2;1001,2;1001;;22,8;21;22,8;22,7;21;20,8;89;89;89;100;1,4;,1;
2025/03/11;0700 UTC;0;1001,5;1001,5;1001,2;;23,2;21,3;23,2;22,8;21,3;21,1;90;89;89;17;1,6;,2;
2025/03/11;0800 UTC;0;1002;1002;1001,5;;23,4;21,5;23,4;23,1;21,5;21,3;89;89;89;352;1;,1;
2025/03/11;0900 UTC;,2;1002,4;1002,4;1002;;23,4;21,5;23,5;23,4;21,6;21,5;89;89;89;75;1,7;,2;
2025/03/11;1000 UTC;0;1002,9;1002,9;1002,4;;23,4;21,6;23,5;23,4;21,7;21,5;90;89;90;299;1,2;,4;
2025/03/11;1100 UTC;0;1003,7;1003,7;1002,9;;24;22,2;24;23,4;22,2;21,6;90;90;90;33;2,1;,9;
2025/03/11;1200 UTC;,2;1004,1;1004,1;1003,7;;25,4;22,3;25,8;23,9;23,4;22,1;90;83;83;78;2,7;1,8;
2025/03/11;1300 UTC;0;1004,2;1004,2;1004,1;;26,8;22,2;27,6;25,4;23,2;21,9;84;74;76;80;3,4;1,3;
2025/03/11;1400 UTC;0;1004;1004,2;1004;;29,3;22,6;29,6;26,7;23,9;21,8;77;66;67;66;3,5;1,2;
2025/03/11;1500 UTC;0;1003,2;1004;1003,2;;29,3;22;29,4;28,3;22,7;21,6;69;64;65;81;4,3;2,1;
2025/03/11;1600 UTC;0;1002,3;1003,2;1002,3;;29,6;21,2;30,3;28,9;22,8;21,2;67;61;61;90;4,7;2,4;
2025/03/11;1700 UTC;0;1001,2;1002,3;1001,2;;30,3;22;31;29,6;23,1;20,9;64;58;61;58;4,7;1,9;
2025/03/11;1800 UTC;0;1000;1001,2;1000;;30,5;22,2;31,3;29,6;22,6;20,6;64;55;61;36;4,7;2,9;
2025/03/11;1900 UTC;0;998,8;1000;998,8;;31;21,5;31,6;30;23,3;20,9;65;56;57;132;4,7;1,2;
2025/03/11;2000 UTC;0;998,4;998,8;998,2;;30,8;21,9;31,6;30,4;22,4;20,8;61;54;59;95;4,6;1,6;
2025/03/11;2100 UTC;0;998,9;999;998,4;;30;21,8;30,7;29,9;22,3;21,3;62;58;62;48;3,7;2,2;
2025/03/11;2200 UTC;0;1000;1000;998,8;;28,4;21,9;30;28,4;22,3;21,5;69;61;68;34;5;2,3;
2025/03/11;2300 UTC;10;1000,8;1001,1;1000;;23,7;21,8;28,4;23;21,9;19,5;89;66;89;233;13,4;,3;
2025/03/12;0000 UTC;0;1001,4;1001,4;1000,8;;23,6;21,7;24;23,6;22,1;21,7;89;89;89;205;2;0;
2025/03/12;0100 UTC;0;1002,7;1002,7;1001,4;;23,6;21,8;23,8;23,6;22;21,7;89;89;89;227;1,5;,1;
2025/03/12;0200 UTC;0;1003,6;1003,6;1002,7;;23,7;21,9;23,8;23,3;22;21,5;90;89;90;26;1,6;0;
2025/03/12;0300 UTC;0;1003,6;1003,7;1003,5;;23,7;21,9;23,8;23,7;22;21,9;90;90;90;301;,9;0;
2025/03/12;0400 UTC;,6;1003;1003,6;1003;;23,8;22,1;24,1;23,6;22,3;21,9;90;90;90;269;2,7;,5;
2025/03/12;0500 UTC;12,6;1003;1003,3;1002,9;;22,9;21,2;24,1;22,9;22,4;21,2;90;90;90;70;9,7;5,1;
2025/03/12;0600 UTC;6,6;1002,7;1003;1002,7;;23,1;21,4;23,2;22,9;21,6;21,3;91;90;91;94;8;1,8;
2025/03/12;0700 UTC;8,4;1002,4;1002,7;1002,4;;23;21,3;23;22,8;21,4;21,2;91;91;91;100;4,4;1,5;
2025/03/12;0800 UTC;1,8;1002,2;1002,4;1002,1;;23;21,4;23;22,9;21,4;21,3;91;91;91;117;2,9;,3;
2025/03/12;0900 UTC;1,6;1001,8;1002,2;1001,6;;22,9;21,3;23,1;22,8;21,4;21,2;91;91;91;221;1,6;,1;
2025/03/12;1000 UTC;2;1003,1;1003,1;1001,8;;22,8;21,2;23,1;22,8;21,5;21,2;91;91;91;216;2,3;,8;
2025/03/12;1100 UTC;,4;1004,1;1004,1;1003,1;;23,3;21,7;23,4;22,8;21,7;21,2;91;91;91;182;1,7;,3;
2025/03/12;1200 UTC;0;1004,9;1004,9;1004,1;;23,9;22,3;24;23,2;22,3;21,6;91;90;91;174;1,7;0;
2025/03/12;1300 UTC;0;1005;1005,1;1004,9;;25,4;23;26,1;23,7;24,1;22,1;91;86;86;324;1,3;,2;
2025/03/12;1400 UTC;0;1004,7;1005;1004,7;;29,7;24,1;29,7;25,3;25,2;22;88;71;72;87;3,6;1;
2025/03/12;1500 UTC;0;1003,9;1004,7;1003,9;;29,7;23;29,9;28;23,8;22;74;67;67;19;3,8;,8;
2025/03/12;1600 UTC;0;1002,7;1003,9;1002,7;;30,8;22,4;31,2;29,1;23,7;22;70;59;61;87;4,4;1,6;
2025/03/12;1700 UTC;0;1001,4;1002,7;1001,4;;31,4;22,2;32;30,8;23,3;21;62;55;58;102;4,9;1,9;
2025/03/12;1800 UTC;0;1000,8;1001,4;1000,8;;28,2;22,2;31,4;27,6;23,2;21,1;76;55;70;72;9,5;,5;
2025/03/12;1900 UTC;0;999,7;1000,8;999,7;;28,1;23,9;28,8;27,9;24;22,2;78;70;78;187;2,7;,5;
2025/03/12;2000 UTC;0;999,4;999,7;999,3;;28,3;23,6;28,3;27,7;24;23,3;79;75;76;222;1,5;,4;
2025/03/12;2100 UTC;0;999,4;999,5;999,3;;27,4;23,5;29,7;27,4;24,2;22,7;79;68;79;288;1,7;1;
2025/03/12;2200 UTC;0;1000,2;1000,2;999,4;;26,3;23,5;27,5;26,3;23,6;22,9;85;76;85;227;2;,3;
2025/03/12;2300 UTC;0;1001,4;1001,4;1000,2;;26,2;23,8;26,4;26,2;23,9;23,5;87;85;87;274;2,1;,2;
2025/03/13;0000 UTC;15,2;1002,6;1002,8;1001,5;;23,7;22,1;26,2;22,2;23,8;20,4;91;82;91;44;17,9;2,2;
2025/03/13;0100 UTC;9,6;1004,2;1004,2;1002,6;;23,1;21,5;23,8;23,1;22,2;21,5;91;91;91;65;7;2,2;
2025/03/13;0200 UTC;7,6;1004,3;1004,4;1003,7;;23,1;21,5;23,2;23;21,6;21,4;91;91;91;126;4,6;0;
2025/03/13;0300 UTC;1,2;1003,7;1004,3;1003,7;;23,2;21,6;23,3;23,1;21,7;21,5;91;91;91;295;1,2;,1;
2025/03/13;0400 UTC;1,4;1003,4;1003,8;1003,4;;23,2;21,7;23,3;23,1;21,8;21,5;91;91;91;43;2,5;,7;
2025/03/13;0500 UTC;2,2;1002,8;1003,4;1002,8;;23,4;21,8;23,4;23,2;21,8;21,6;91;91;91;294;2;,1;
2025/03/13;0600 UTC;,2;1002,4;1002,8;1002,4;;23,3;21,8;23,4;23,3;21,8;21,7;91;91;91;64;,9;0;
2025/03/13;0700 UTC;0;1001,3;1002,4;1001,3;;23,2;21,6;23,3;23,2;21,8;21,6;91;91;91;306;2,5;,9;
2025/03/13;0800 UTC;,2;1001,5;1001,6;1001,3;;23,2;21,6;23,2;23,1;21,6;21,5;91;91;91;339;2,9;,4;
2025/03/13;0900 UTC;0;1002,1;1002,2;1001,5;;23,2;21,7;23,2;23,1;21,7;21,5;91;91;91;302;2,6;,6;
2025/03/13;1000 UTC;0;1002,8;1002,9;1002,1;;23,4;21,8;23,4;23,1;21,8;21,6;91;91;91;28;2,6;,3;
2025/03/13;1100 UTC;0;1003,9;1003,9;1002,8;;24;22,4;24,1;23,3;22,5;21,8;91;91;91;354;3,1;,6;
2025/03/13;1200 UTC;0;1004,3;1004,3;1003,9;;25,5;23,3;25,7;24;23,8;22,4;91;87;87;28;5,3;2,4;
2025/03/13;1300 UTC;0;1004,7;1004,7;1004,3;;27,2;23,2;27,2;25,4;23,3;22,3;87;79;79;33;5,8;1,7;
2025/03/13;1400 UTC;0;1004,6;1004,7;1004,6;;27,5;22,5;27,9;26,7;23,5;22,3;79;73;74;64;4;2,3;
2025/03/13;1500 UTC;0;1003,7;1004,6;1003,7;;29,6;23,9;29,6;27,5;23,9;22,3;76;68;71;62;3,7;1,3;
2025/03/13;1600 UTC;0;1002,6;1003,7;1002,6;;31,4;23,7;31,4;29,1;24,1;22,2;71;62;64;322;3,5;,8;
2025/03/13;1700 UTC;0;1001,2;1002,5;1001,2;;31,4;22,6;32,1;29,9;24,7;22,1;66;59;59;149;2,5;1,3;
2025/03/13;1800 UTC;0;1000;1001,2;1000;;30,5;23;31,7;30,1;24;21,8;65;59;64;52;4,2;1,8;
2025/03/13;1900 UTC;0;998,7;1000;998,7;;31,6;21,6;32,3;30,5;23,8;21,1;65;54;56;89;4,5;2,1;
2025/03/13;2000 UTC;0;997,8;998,7;997,8;;31,5;21,5;32,3;31,4;22,6;21;58;53;56;112;4,5;1,4;
2025/03/13;2100 UTC;0;998,2;998,2;997,8;;30,6;21,9;31,5;30,6;22,1;21,4;60;55;60;78;3,2;1,3;
2025/03/13;2200 UTC;0;999,3;999,3;998,2;;28,6;22,6;30,6;28,6;22,6;21,7;70;59;70;33;1,9;,4;
2025/03/13;2300 UTC;0;1000,5;1000,5;999,3;;27,5;23,2;28,6;27,4;23,3;22,6;78;70;77;57;,9;0;
2025/03/14;0000 UTC;0;1001,6;1001,6;1000,5;;26,7;23,4;27,5;26,7;23,7;23,2;82;77;82;94;2,2;0;
2025/03/14;0100 UTC;0;1002,7;1002,7;1001,6;;26,3;23,6;26,7;26,3;23,6;23,1;85;82;85;89;,9;0;
2025/03/14;0200 UTC;0;1003,2;1003,3;1002,7;;26,3;23,3;26,3;25,8;23,7;23,1;86;83;84;21;4,5;1,6;
2025/03/14;0300 UTC;0;1003,4;1003,6;1003,2;;24,7;22,1;26,3;24,7;23,3;22,1;85;82;85;41;6,6;3,4;
2025/03/14;0400 UTC;0;1002,6;1003,5;1002,6;;24;21,3;24,7;24;22,1;21,3;86;84;85;62;7,4;2,1;
2025/03/14;0500 UTC;0;1002,3;1002,8;1002,3;;23,7;21,3;24;23,7;21,3;21,2;86;85;86;39;3,5;,9;
2025/03/14;0600 UTC;0;1002;1002,3;1001,9;;23,6;21,3;23,7;23,5;21,3;21,2;87;86;87;351;3;,8;
2025/03/14;0700 UTC;0;1001,8;1002,1;1001,8;;23,3;21,2;23,6;23,3;21,4;21,2;88;87;88;2;2;,2;
2025/03/14;0800 UTC;0;1001,6;1001,8;1001,2;;23,3;21,3;23,3;23,3;21,3;21,2;88;88;88;107;2,1;0;
2025/03/14;0900 UTC;0;1001,5;1001,7;1001,4;;23,2;21,3;23,4;23,2;21,4;21,3;89;88;89;252;1,2;,1;
2025/03/14;1000 UTC;0;1001,7;1001,7;1001,5;;23,5;21,7;23,6;23,2;21,7;21,3;89;89;89;194;1,6;,2;
2025/03/14;1100 UTC;0;1002,1;1002,1;1001,7;;24,6;22;24,6;23,5;22,4;21,6;90;86;86;107;3,2;1,5;
2025/03/14;1200 UTC;0;1002,1;1002,1;1001,9;;26,6;22,3;26,6;24,5;22,8;21,6;86;77;77;66;4,3;2,8;
2025/03/14;1300 UTC;0;1001,9;1002,1;1001,9;;27,1;22,2;27,1;26;22,5;21,4;78;75;75;55;4,7;2,1;
2025/03/14;1400 UTC;0;1001,3;1002;1001,3;;29,2;22,3;29,5;26,5;23,5;21,4;77;66;66;47;4,2;1,3;
2025/03/14;1500 UTC;0;1000,6;1001,3;1000,6;;30,9;23;31,5;29;24,5;21,9;70;62;63;83;4,1;1,6;
2025/03/14;1600 UTC;0;999,5;1000,6;999,5;;32;23,1;32;30,4;24,2;22,2;66;58;60;96;5,2;2,5;
2025/03/14;1700 UTC;0;998,5;999,5;998,5;;32,6;22,5;33;31,4;23,9;21,7;60;55;56;126;5,2;1,8;
2025/03/14;1800 UTC;0;997,8;998,4;997,8;;33,1;22,3;33,3;32,1;23,1;21,9;58;52;53;77;5,5;3,2;
2025/03/14;1900 UTC;0;997,2;997,8;997,2;;33,5;22,4;33,6;32,6;22,5;21,4;54;49;52;98;6,5;2,6;
2025/03/14;2000 UTC;,2;996,9;997,3;996,9;;28,4;22,5;33,6;28,4;22,7;21;70;49;70;356;8,3;3,1;
2025/03/14;2100 UTC;0;997,1;997,1;996,7;;30,8;23,4;31;28,4;24,1;22,1;71;63;65;27;5,3;,5;
2025/03/14;2200 UTC;4,6;998,1;998,1;997;;24,7;21,4;31;23;23,6;19,5;82;63;82;93;18,8;1,7;
2025/03/14;2300 UTC;0;999;999,1;998,1;;25,1;21,9;25,1;24,5;21,9;21,4;84;82;82;47;5,1;1,1;
2025/03/15;0000 UTC;0;999,8;999,8;999;;25;22,2;25,2;24,9;22,3;21,9;84;82;84;53;2,4;,3;
2025/03/15;0100 UTC;0;1000,3;1000,3;999,8;;25;22,1;25,1;24,9;22,2;22;84;83;84;43;2;1;
2025/03/15;0200 UTC;0;1000,8;1000,8;1000,3;;24,7;22,4;25,2;24,7;22,5;22,1;87;84;87;235;1,6;,2;
2025/03/15;0300 UTC;0;1000,9;1000,9;1000,7;;24,6;22,5;24,8;24,5;22,5;22,3;88;87;88;49;1;0;
2025/03/15;0400 UTC;0;1000,6;1000,9;1000,6;;24,1;22,2;24,7;24,1;22,6;22,2;89;88;89;280;1;0;
2025/03/15;0500 UTC;0;1000;1000,6;1000;;24;22,1;24,1;23,9;22,2;22,1;89;89;89;280;2,1;0;
2025/03/15;0600 UTC;0;999,8;1000;999,6;;23,8;22;24;23,8;22,1;21,9;90;89;90;219;0;0;
2025/03/15;0700 UTC;0;999,8;999,9;999,7;;23,7;22;23,8;23,7;22,1;21,9;90;90;90;238;0;0;
2025/03/15;0800 UTC;0;999,8;999,9;999,6;;23,5;21,8;23,8;23,5;22,1;21,8;90;90;90;298;0;0;
2025/03/15;0900 UTC;0;1000,1;1000,1;999,8;;23,4;21,7;23,7;23,3;22;21,7;90;90;90;325;0;0;
2025/03/15;1000 UTC;0;1000,8;1000,8;1000,1;;23,6;21,9;23,6;23,3;22;21,6;91;90;90;301;0;0;
2025/03/15;1100 UTC;0;1001,6;1001,6;1000,8;;25,5;23,8;25,5;23,6;23,8;21,9;91;90;90;350;0;0;
2025/03/15;1200 UTC;0;1002,4;1002,4;1001,6;;26,5;23,2;27,5;25,5;24,9;23,2;90;82;82;303;3,1;1,2;
2025/03/15;1300 UTC;0;1002,6;1002,6;1002,4;;29,2;24,2;29,2;26,5;24,3;23,1;83;74;74;38;4,6;1,9;
2025/03/15;1400 UTC;0;1002,5;1002,7;1002,4;;29,8;23,6;30,7;28,7;24,6;23;75;66;69;41;5,1;2,3;
2025/03/15;1500 UTC;0;1001,9;1002,5;1001,9;;31,7;23,5;32,1;29,2;25,1;22,9;71;62;62;35;5,4;2,5;
2025/03/15;1600 UTC;0;1000,9;1001,9;1000,9;;31,6;22,3;31,9;30,4;23,8;22,2;66;57;58;118;5,4;1,6;
2025/03/15;1700 UTC;0;999,5;1000,9;999,5;;32,2;22,1;32,7;31,4;23,9;21,9;62;54;55;78;4,1;1,3;
2025/03/15;1800 UTC;,4;998;999,5;998;;29,9;23,6;33,5;29,9;24,7;21,8;69;53;69;65;7,1;3,2;
2025/03/15;1900 UTC;0;996,9;998;996,9;;28,2;23,1;29,9;28,1;23,7;22;74;65;74;315;8,1;1,7;
2025/03/15;2000 UTC;0;997,1;997,3;996,9;;28,2;23,3;28,4;27,9;23,5;22,8;76;73;75;190;2,8;,8;
2025/03/15;2100 UTC;0;997,5;997,5;996,8;;27,8;23,7;28,2;27,8;23,7;23,1;78;74;78;266;1,6;,3;
2025/03/15;2200 UTC;0;998,3;998,3;997,5;;26,8;23,7;27,9;26,8;24;23,7;83;78;83;228;1,4;,4;
2025/03/15;2300 UTC;0;999,8;999,8;998,3;;26,3;23,7;26,8;26,3;23,8;23,7;86;83;86;313;2,5;,7;
2025/03/16;0000 UTC;0;1001;1001;999,8;;26,1;23,5;26,3;26;23,7;23,4;87;85;85;38;2,6;,1;
2025/03/16;0100 UTC;0;1001,5;1001,5;1001;;25,7;23,4;26,1;25,7;23,5;23,4;87;85;87;54;1,4;,1;
2025/03/16;0200 UTC;0;1001,7;1001,8;1001,5;;25,3;23,3;25,7;25,2;23,4;23,1;89;87;89;290;1,4;0;
2025/03/16;0300 UTC;0;1001,6;1002;1001,6;;24,9;23;25,3;24,9;23,2;23;89;89;89;82;1;0;
2025/03/16;0400 UTC;0;1001,4;1001,6;1001,3;;24,7;22,9;25,1;24,7;23,2;22,9;90;89;90;26;3;,9;
2025/03/16;0500 UTC;,4;1001,2;1001,4;1001;;24,7;22,6;24,7;24,6;22,9;22,6;90;88;88;56;3;1,7;
2025/03/16;0600 UTC;,6;1001,1;1001,2;1000,9;;24,6;22,6;24,7;24,5;22,7;22,5;89;88;89;23;3,9;1,2;
2025/03/16;0700 UTC;0;1001,1;1001,2;1001;;24,5;22,7;24,6;24,4;22,7;22,5;89;89;89;45;2,9;1,4;
2025/03/16;0800 UTC;0;1001;1001,2;1000,8;;24,4;22,5;24,6;24,4;22,7;22,5;90;89;89;32;3,6;1,8;
2025/03/16;0900 UTC;0;1002,2;1002,2;1001;;24,4;22,3;24,5;24,4;22,6;22,3;89;88;88;41;3,7;1,2;
2025/03/16;1000 UTC;0;1002,2;1002,2;1002,1;;24,5;22,1;24,6;24,3;22,3;22;88;86;86;32;3,4;1;
2025/03/16;1100 UTC;0;1003,3;1003,3;1002,2;;26,1;22,6;26,1;24,5;22,9;22,1;86;81;81;29;4,6;2,1;
2025/03/16;1200 UTC;0;1004,1;1004,1;1003,3;;26,8;22;27,3;26,1;22,8;21,7;81;74;75;44;7,6;3,6;
2025/03/16;1300 UTC;0;1004,9;1004,9;1004,1;;27,5;21,7;28,3;26,4;23,1;21,7;77;70;71;55;7,6;4,1;
2025/03/16;1400 UTC;0;1004,7;1005;1004,7;;28,2;21,9;28,6;27,4;22,7;21,5;72;67;69;41;6,8;3,2;
2025/03/16;1500 UTC;0;1004,1;1004,7;1004,1;;29,1;22,4;29,3;28,1;22,8;21,7;70;66;67;63;6,1;2,6;
2025/03/16;1600 UTC;0;1003,6;1004,1;1003,6;;29,4;22,2;30,5;28,8;22,9;21,7;68;62;65;40;6,2;2,4;
2025/03/16;1700 UTC;0;1002;1003,6;1002;;31,4;21,3;32,3;29,2;23,1;21,3;66;55;55;15;5,2;2,2;
2025/03/16;1800 UTC;0;1000,5;1001,9;1000,5;;31,5;22,2;31,9;30,5;22,5;21,3;60;55;58;302;5,2;1,4;
2025/03/16;1900 UTC;0;999,3;1000,5;999,3;;32,1;21,7;32,8;31,1;23;21,5;59;53;54;337;4,8;1,6;
2025/03/16;2000 UTC;0;998,8;999,3;998,7;;31;21,9;33;31;22,7;21,1;59;51;58;356;5,1;1,8;
2025/03/16;2100 UTC;0;999,3;999,3;998,7;;29,6;22,2;31;29,4;22,7;21,8;66;59;65;26;5,1;2,2;
2025/03/16;2200 UTC;0;1000,2;1000,2;999,3;;27,8;23;29,6;27,8;23;22,1;75;64;75;49;4,4;1,6;
2025/03/16;2300 UTC;0;1001,3;1001,3;1000,2;;27,2;22,9;27,8;27,2;23;22,8;77;75;77;45;2,9;1,3;
2025/03/17;0000 UTC;0;1002,2;1002,2;1001,3;;27,1;22,9;27,4;27;22,9;22,7;78;76;78;31;3,3;1,1;
2025/03/17;0100 UTC;0;1002,9;1002,9;1002;;26,3;23,2;27,1;26,3;23,2;23;83;78;83;57;2,5;,7;
2025/03/17;0200 UTC;0;1003,9;1003,9;1002,9;;26,1;23,3;26,4;26;23,4;23,2;85;83;85;58;2,9;1,4;
2025/03/17;0300 UTC;1;1004,3;1004,3;1003,9;;25,5;23,2;26,1;25,5;23,3;23,1;87;85;87;70;2,6;1,4;
2025/03/17;0400 UTC;2,8;1003,6;1004,3;1003,6;;24,7;22,6;25,6;24,7;23,1;22,6;88;87;88;82;4,1;1,5;
2025/03/17;0500 UTC;1,8;1003;1003,6;1003;;24,6;22,8;24,7;24,6;22,8;22,6;90;88;90;99;2,9;1,4;
2025/03/17;0600 UTC;,2;1002,8;1003;1002,8;;24,3;22,5;24,6;24,3;22,8;22,5;90;89;89;99;3,7;1,9;
2025/03/17;0700 UTC;,2;1002,6;1002,8;1002,6;;23,9;22,1;24,4;23,9;22,6;22,1;90;89;90;145;3,7;,9;
2025/03/17;0800 UTC;0;1002,8;1002,8;1002,6;;23,8;22;23,9;23,8;22,2;22;90;90;90;159;2,2;,5;
2025/03/17;0900 UTC;,2;1003,1;1003,1;1002,8;;23,7;22;23,8;23,6;22;21,9;90;90;90;211;1,8;0;
2025/03/17;1000 UTC;0;1003,9;1003,9;1003,1;;23,6;21,9;23,7;23,5;22;21,8;90;90;90;119;1,4;,4;
2025/03/17;1100 UTC;0;1004,3;1004,3;1003,9;;24,3;22,5;24,3;23,6;22,5;21,9;90;90;90;80;1,7;,5;
2025/03/17;1200 UTC;0;1004,7;1004,7;1004,3;;26,4;23,7;26,4;24,2;24;22,4;90;84;85;67;3,3;1,5;
2025/03/17;1300 UTC;0;1005,1;1005,1;1004,6;;27,7;23,1;27,8;26,5;23,7;22,8;85;75;76;30;3,6;2;
2025/03/17;1400 UTC;0;1005,3;1005,4;1005,1;;28,7;22,7;29,3;27,7;23,7;22,5;76;69;70;24;4,6;2,1;
2025/03/17;1500 UTC;0;1004,5;1005,3;1004,5;;29,4;22,6;29,8;28,5;23,4;22,3;72;65;67;41;5,2;2,9;
2025/03/17;1600 UTC;0;1003,6;1004,5;1003,6;;29,9;22,1;30,9;29,2;23,4;21,9;68;60;63;35;5,2;1,8;
2025/03/17;1700 UTC;0;1002;1003,6;1002;;30,7;21,9;32,3;29,9;23,3;21;64;55;59;86;4,3;2,4;
2025/03/17;1800 UTC;0;1000,4;1002;1000,4;;32,6;21,6;32,6;30,5;22,7;21;60;52;52;196;4,4;1;
2025/03/17;1900 UTC;0;999,7;1000,4;999,7;;32,7;23,3;33,7;31,7;23,7;20,4;60;48;58;183;5,3;2,3;
2025/03/17;2000 UTC;0;999,2;999,8;999,2;;30,7;23;32,7;30,2;23,7;22,3;67;57;64;222;5,3;2,6;
2025/03/17;2100 UTC;0;1000,2;1000,2;999,2;;29,8;23,3;31,2;29,8;23,8;22,8;68;63;68;248;4,5;1,7;
2025/03/17;2200 UTC;10,4;1001,7;1001,7;1000,2;;24,8;22,1;29,8;24,7;23,4;20,4;85;68;85;7;10,8;2,6;
2025/03/17;2300 UTC;14,8;1002,7;1002,8;1001,7;;23,2;21,4;24,9;23;22,4;21,1;89;85;89;328;8,4;2,1;
2025/03/18;0000 UTC;1,4;1002,6;1002,7;1002,3;;23,6;21,7;23,6;23,2;21,7;21,3;89;89;89;56;6;,4;
2025/03/18;0100 UTC;,4;1003,1;1003,1;1002,7;;23,6;21,9;23,9;23,6;22;21,7;90;89;90;176;2;,2;
2025/03/18;0200 UTC;,2;1003,3;1003,3;1002,9;;23,6;21,9;23,8;23,6;22;21,8;90;90;90;142;1,4;,4;
2025/03/18;0300 UTC;0;1003;1003,3;1003;;23,8;22,1;23,8;23,6;22,1;21,9;90;90;90;232;1,7;0;
2025/03/18;0400 UTC;0;1002,8;1003;1002,8;;23,6;21,9;23,8;23,6;22,1;21,9;90;90;90;313;1,5;0;
2025/03/18;0500 UTC;0;1002,3;1002,8;1002,3;;23,7;22,1;23,8;23,5;22,2;21,9;90;90;90;71;1,9;,9;
2025/03/18;0600 UTC;0;1002,3;1002,3;1002,1;;23,7;22;23,8;23,5;22,1;21,8;90;90;90;294;2,6;0;
2025/03/18;0700 UTC;0;1002;1002,3;1001,9;;23,4;21,7;23,7;23,4;22;21,7;90;90;90;244;0;0;
2025/03/18;0800 UTC;0;1001,9;1002;1001,9;;23,3;21,6;23,4;23,3;21,8;21,6;91;90;91;256;0;0;
2025/03/18;0900 UTC;0;1002,3;1002,3;1001,8;;23,4;21,8;23,4;23,3;21,8;21,6;91;91;91;352;1,4;0;
2025/03/18;1000 UTC;0;1002,7;1002,7;1002,3;;23,4;21,7;23,5;23,3;21,9;21,7;91;91;91;301;,9;0;
2025/03/18;1100 UTC;0;1003,8;1003,8;1002,6;;23,4;21,8;23,6;23,3;21,9;21,7;91;90;90;21;1,3;0;
2025/03/18;1200 UTC;0;1004,7;1004,7;1003,8;;23,8;22,1;23,9;23,4;22,2;21,8;91;90;90;104;3,8;2,5;
2025/03/18;1300 UTC;0;1005,4;1005,4;1004,7;;24,4;22,6;24,4;23,7;22,6;22;90;90;90;123;3,7;1;
2025/03/18;1400 UTC;0;1005,2;1005,5;1005,2;;25,1;22,6;25,3;24,4;23,1;22,6;90;86;86;196;2,2;,6;
2025/03/18;1500 UTC;0;1003,7;1005,2;1003,7;;26,3;22,7;26,3;25,1;23,1;22,3;86;81;81;57;2,1;1,2;
2025/03/18;1600 UTC;0;1001,7;1003,7;1001,7;;27,9;23,1;27,9;26,1;23,2;22,3;81;74;75;16;4,2;1,7;
2025/03/18;1700 UTC;0;1000,6;1001,7;1000,6;;29,1;22,5;29,9;27,8;24,1;22,5;76;67;67;33;5,5;2,5;
2025/03/18;1800 UTC;0;999,6;1000,6;999,6;;30,1;22,8;30,2;28,8;23,4;21,7;71;63;65;11;4,8;1,4;
2025/03/18;1900 UTC;0;998,9;999,6;998,9;;29,9;23,5;30,5;29;23,7;21,8;71;63;69;216;4;1,2;
2025/03/18;2000 UTC;0;999,1;999,1;998,8;;27,7;23,1;31;27,7;23,5;22,5;76;63;76;310;4,1;1,8;
2025/03/18;2100 UTC;0;999,5;999,6;999,1;;27,3;23,1;27,7;27,3;23,3;23;78;76;78;37;4;1,6;
2025/03/18;2200 UTC;6;1000,2;1000,3;999,5;;24,1;22;27,3;24,1;23,3;22;88;78;88;242;6,7;1,4;
2025/03/18;2300 UTC;2,4;1000,3;1000,3;1000,1;;24,2;22,3;24,2;23,8;22,3;21,6;89;88;89;298;3,6;1;
2025/03/19;0000 UTC;,2;1001,1;1001,2;1000,3;;24,4;22,6;24,6;24,2;22,8;22,3;90;89;90;358;1,5;,1;
2025/03/19;0100 UTC;0;1001,6;1001,6;1001,1;;24,4;22,7;24,6;24,3;22,8;22,6;90;90;90;235;1,4;,4;
2025/03/19;0200 UTC;0;1002,2;1002,3;1001,6;;24,2;22,5;24,4;24,1;22,7;22,5;90;90;90;184;1,4;0;
2025/03/19;0300 UTC;1;1003,2;1003,3;1002,1;;23;21,1;24,2;23;22,5;21,1;91;88;89;95;9,9;4,3;
2025/03/19;0400 UTC;12;1002,6;1003,3;1002,6;;22,9;21,2;23;22,7;21,2;20,9;90;89;90;284;8,7;0;
2025/03/19;0500 UTC;2,2;1002;1002,5;1002;;23;21,4;23,1;22,7;21,4;21,1;91;90;91;202;2,4;,9;
2025/03/19;0600 UTC;3;1001,3;1002;1001,3;;23;21,4;23;22,9;21,4;21,3;91;91;91;124;1,7;0;
2025/03/19;0700 UTC;3,2;1001;1001,3;1001;;23;21,4;23,1;22,9;21,5;21,4;91;91;91;32;2,3;0;
2025/03/19;0800 UTC;1,2;1000,8;1001,1;1000,8;;23,2;21,6;23,2;23;21,6;21,4;91;91;91;77;1,4;,2;
2025/03/19;0900 UTC;,4;1001,5;1001,5;1000,8;;23,4;21,8;23,4;23,2;21,8;21,6;91;91;91;51;1,2;0;
2025/03/19;1000 UTC;0;1002,2;1002,2;1001,5;;23,7;22,1;23,7;23,4;22,1;21,8;91;91;91;213;0;0;
2025/03/19;1100 UTC;0;1003,1;1003,1;1002,2;;24,3;22,8;24,4;23,7;22,8;22,1;91;91;91;45;0;0;
2025/03/19;1200 UTC;0;1003,6;1003,6;1003,1;;25,7;23,9;25,7;24,3;23,9;22,8;91;90;90;94;2,8;1,3;
2025/03/19;1300 UTC;0;1003,6;1003,7;1003,6;;27,2;22,6;27,7;25,6;24,7;22,3;90;75;76;35;3,8;1,4;
2025/03/19;1400 UTC;0;1003,3;1003,8;1003,3;;28;23,1;28;26,7;23,1;22,1;78;73;75;25;4,2;1,4;
2025/03/19;1500 UTC;0;1002,6;1003,3;1002,6;;29,3;22,3;29,6;28;23,8;22,1;75;66;66;74;4,5;2,4;
2025/03/19;1600 UTC;0;1001,5;1002,6;1001,5;;31,5;22,9;31,5;29,2;23,8;21,6;68;60;60;120;4,5;1,9;
2025/03/19;1700 UTC;0;1000;1001,5;1000;;32,2;22,5;32,2;30,4;23,3;21;63;53;56;2;4,9;1,2;
2025/03/19;1800 UTC;0;998,6;1000;998,6;;32,4;21,6;32,6;31,2;22,4;20,9;57;52;53;78;5,4;1,6;
2025/03/19;1900 UTC;0;997,2;998,6;997,2;;30,7;23,4;33,2;29,8;23,6;21,3;68;51;65;107;6,7;1,8;
2025/03/19;2000 UTC;0;997,5;997,5;997;;31,2;22;31,4;30,7;23,4;21,8;66;57;58;104;3,8;1,7;
2025/03/19;2100 UTC;0;997,7;997,7;997,5;;30,9;22,5;31,6;30,8;22,8;21,8;61;57;61;53;3,9;,9;
2025/03/19;2200 UTC;0;998,8;998,8;997,7;;28,8;23,2;31;28,8;23,2;21,8;72;59;72;84;2,2;,8;
2025/03/19;2300 UTC;0;1000,3;1000,3;998,8;;28,2;23,4;28,8;28,2;23,4;23,1;75;72;75;34;1,7;,1;
2025/03/20;0000 UTC;43,4;1002,9;1002,9;1000,3;;23,7;22,3;28,2;23,5;23,5;20,7;92;75;92;72;11,7;5,1;
2025/03/20;0100 UTC;14;1002,8;1002,9;1002,4;;23,7;22,3;23,7;22,9;22,4;21,5;92;92;92;79;7,5;1,5;
2025/03/20;0200 UTC;,8;1003;1003;1002,8;;23,9;22,5;23,9;23,7;22,6;22,3;92;92;92;26;3,1;,3;
2025/03/20;0300 UTC;0;1003,2;1003,2;1003;;24,1;22,7;24,1;23,8;22,8;22,5;92;92;92;36;1,2;,2;
2025/03/20;0400 UTC;0;1002,8;1003,3;1002,8;;24;22,6;24,4;23,9;23;22,6;92;92;92;227;2,4;1,2;
2025/03/20;0500 UTC;0;1001,8;1002,8;1001,8;;23,8;22,4;24;23,7;22,6;22,3;92;92;92;271;2,4;,3;
2025/03/20;0600 UTC;0;1001,7;1001,9;1001,6;;23,7;22,3;23,8;23,7;22,5;22,3;92;92;92;157;1;0;
2025/03/20;0700 UTC;0;1001,6;1001,8;1001,5;;23,6;22,3;23,8;23,6;22,5;22,3;92;92;92;194;0;0;
2025/03/20;0800 UTC;0;1001,6;1001,7;1001,5;;23,6;22,3;23,7;23,5;22,3;22,2;92;92;92;20;0;0;
2025/03/20;0900 UTC;0;1001,9;1001,9;1001,5;;23,8;22,4;23,8;23,6;22,5;22,3;92;92;92;312;0;0;
2025/03/20;1000 UTC;0;1002,7;1002,7;1001,9;;23,9;22,5;23,9;23,7;22,5;22,4;92;92;92;311;0;0;
2025/03/20;1100 UTC;0;1003,2;1003,2;1002,6;;24,4;23;24,5;23,8;23,1;22,5;92;92;92;304;1,8;,2;
2025/03/20;1200 UTC;0;1004,5;1004,5;1003,2;;25,1;23,6;25,3;24,3;23,9;23;92;91;91;23;2,7;,8;
2025/03/20;1300 UTC;0;1004,7;1004,8;1004,5;;26,4;24;26,4;25,1;24,2;23,7;92;87;87;27;2,7;1,2;
2025/03/20;1400 UTC;0;1004,7;1004,8;1004,6;;27,3;23,5;27,5;26,3;24,3;23,2;87;79;80;29;4,1;2,2;
2025/03/20;1500 UTC;0;1004,4;1004,7;1004,4;;28,4;23,6;28,5;27,2;24,1;23;80;74;75;36;3,6;1,3;
2025/03/20;1600 UTC;0;1003,1;1004,4;1003,1;;29,7;23,7;29,7;28,4;24,5;23,1;76;70;71;44;4;1,1;
2025/03/20;1700 UTC;,2;1001,4;1003,1;1001,4;;28,9;23,6;30,4;28,7;24,4;22,6;75;66;73;191;3,6;,4;
2025/03/20;1800 UTC;0;999,8;1001,4;999,8;;31,1;22,9;32;28,9;24,8;22,6;78;59;62;294;5,2;1,9;
2025/03/20;1900 UTC;0;999,2;999,8;999,2;;31,9;23,5;32,7;31;23,7;21,6;63;54;61;304;4,7;1,3;
2025/03/20;2000 UTC;,8;999,8;999,8;999,2;;27,6;22,7;32,5;27,6;23,6;22;75;56;75;82;5,5;2;
2025/03/20;2100 UTC;,6;1000,9;1001;999,8;;25,2;22,5;27,5;25,2;24;22,3;85;75;85;267;7,6;2,3;
2025/03/20;2200 UTC;0;1002,4;1002,4;1000,8;;25,2;22,4;25,3;25;22,5;22;85;83;84;51;5,6;1,5;
2025/03/20;2300 UTC;4,8;1003;1003;1002,4;;23,9;21,8;25,3;23,9;22,5;21,8;89;84;88;288;4,7;1;
2025/03/21;0000 UTC;0;1003,5;1003,5;1003;;23,9;22;23,9;23,8;22;21,8;89;88;89;236;2;,7;
2025/03/21;0100 UTC;,6;1005;1005;1003,5;;24;22,2;24,1;23,9;22,3;22;90;89;90;317;1,3;,1;
2025/03/21;0200 UTC;2,6;1005,3;1005,4;1005;;24;22,3;24,2;23,9;22,5;22,2;90;90;90;237;1,8;,9;
2025/03/21;0300 UTC;6,6;1004,9;1005,3;1004,8;;24,1;22,4;24,1;23,9;22,4;22,2;90;90;90;211;2;,7;
2025/03/21;0400 UTC;3;1004,6;1004,9;1004,6;;23,8;22,1;24,1;23,8;22,4;22,1;91;90;91;243;2,8;1,6;
2025/03/21;0500 UTC;3,4;1003,9;1004,6;1003,9;;23,7;22,1;23,8;23,7;22,2;22;91;91;91;238;3,2;,8;
2025/03/21;0600 UTC;3;1002,9;1003,9;1002,9;;23,5;21,9;23,7;23,5;22,1;21,9;91;91;91;235;2,5;1,5;
2025/03/21;0700 UTC;1;1002,4;1002,9;1002,4;;23,5;21,9;23,5;23,4;21,9;21,8;91;91;91;245;2,5;,3;
2025/03/21;0800 UTC;0;1002,7;1002,7;1002,3;;23,4;21,8;23,5;23,4;21,9;21,8;91;91;91;298;1,3;0;
2025/03/21;0900 UTC;0;1003,1;1003,1;1002,7;;23,6;22;23,6;23,4;22;21,8;91;91;91;178;1,1;0;
2025/03/21;1000 UTC;0;1003,9;1003,9;1003,1;;23,5;21,9;23,6;23,5;22;21,9;91;91;91;140;1,4;,2;
2025/03/21;1100 UTC;0;1004,6;1004,6;1003,9;;24;22,4;24;23,5;22,4;21,9;91;91;91;159;1,6;,6;
2025/03/21;1200 UTC;0;1005,6;1005,6;1004,6;;24,9;23,2;24,9;23,9;23,2;22,3;91;90;91;95;2,4;1,6;
2025/03/21;1300 UTC;0;1006,3;1006,4;1005,6;;26;23,2;26;24,9;23,8;23,2;91;85;85;97;3,3;2;
2025/03/21;1400 UTC;0;1006,4;1006,5;1006,3;;26,4;23,2;26,5;26;23,3;22,7;85;81;82;102;3,8;2;
2025/03/21;1500 UTC;,4;1005,6;1006,4;1005,6;;26,6;23,3;26,7;26,3;23,6;22,9;84;81;82;136;3,6;1,4;
2025/03/21;1600 UTC;0;1004,5;1005,6;1004,5;;26,4;22,8;26,8;26,2;23,6;22,7;83;80;81;160;3,9;1,4;
2025/03/21;1700 UTC;0;1003,4;1004,5;1003,4;;26,3;22,8;26,4;26,1;23;22,5;82;80;81;138;4;1,7;
2025/03/21;1800 UTC;0;1002,1;1003,4;1002,1;;26,5;22,5;26,7;26,3;23,2;22,3;81;78;79;111;3,5;2;
2025/03/21;1900 UTC;0;1001,1;1002,1;1001,1;;26,9;22,3;27,1;26,5;23;22,2;80;76;76;107;3,1;,9;
2025/03/21;2000 UTC;0;1000,7;1001,1;1000,7;;27,5;22,5;27,8;26,8;22,9;22,1;77;73;74;46;3;1,4;
2025/03/21;2100 UTC;0;1001;1001;1000,7;;26,4;22,5;27,7;26,4;22,6;22,1;79;72;79;29;3,8;1,2;
2025/03/21;2200 UTC;0;1001,8;1001,8;1001;;25,5;22,6;26,4;25,5;22,6;22,5;84;79;84;43;3,7;1,3;
2025/03/21;2300 UTC;0;1002,9;1002,9;1001,8;;25,1;22,7;25,5;25,1;22,7;22,5;86;84;86;47;2,7;,9;
2025/03/22;0000 UTC;0;1003,9;1003,9;1002,9;;24,9;22,7;25,1;24,9;22,7;22,6;88;86;88;128;1,6;,3;
2025/03/22;0100 UTC;0;1004,7;1004,7;1003,9;;24,8;22,8;24,9;24,8;22,9;22,7;89;88;89;219;1;,2;
2025/03/22;0200 UTC;0;1005;1005;1004,7;;24,7;22,8;24,8;24,7;22,8;22,7;89;89;89;206;,8;0;
2025/03/22;0300 UTC;0;1004,6;1005;1004,6;;24,5;22,7;24,7;24,5;22,8;22,7;90;89;90;219;0;0;
2025/03/22;0400 UTC;0;1003,8;1004,6;1003,8;;24,4;22,7;24,6;24,4;22,8;22,6;90;90;90;202;,6;0;
2025/03/22;0500 UTC;,2;1002,8;1003,8;1002,8;;24,2;22,5;24,4;24,1;22,7;22,5;90;90;90;217;,4;0;
2025/03/22;0600 UTC;0;1002,4;1002,8;1002,4;;24,1;22,4;24,2;24,1;22,5;22,4;91;90;91;225;0;0;
2025/03/22;0700 UTC;0;1002,1;1002,4;1002,1;;24;22,4;24,1;23,9;22,4;22,3;91;91;91;160;,6;0;
2025/03/22;0800 UTC;0;1001,9;1002,1;1001,8;;23,8;22,2;24;23,8;22,4;22,2;91;91;91;41;1,1;,1;
2025/03/22;0900 UTC;0;1002,5;1002,5;1001,9;;23,7;22,1;23,8;23,7;22,2;22,1;91;91;91;22;,6;0;
2025/03/22;1000 UTC;0;1003,2;1003,2;1002,5;;23,7;22,1;23,8;23,6;22,2;22,1;91;91;91;18;1,1;0;
2025/03/22;1100 UTC;0;1004,2;1004,2;1003,2;;24,8;23,1;24,8;23,6;23,1;22;91;91;91;60;2,3;,3;
2025/03/22;1200 UTC;0;1004,9;1004,9;1004,2;;26,7;23,7;26,7;24,7;24;22,5;91;84;84;16;2,5;,5;
2025/03/22;1300 UTC;0;1005;1005,1;1004,9;;27,9;22,1;28,4;26,1;23,5;21,9;84;70;71;17;4,1;1,2;
2025/03/22;1400 UTC;0;1004,7;1005;1004,7;;27,6;21,9;29,1;27,1;23;21,2;73;67;71;30;4,1;2,7;
2025/03/22;1500 UTC;0;1004,2;1004,8;1004,2;;28,7;21,9;28,9;27,5;23,2;21,7;75;67;67;26;5;1,6;
2025/03/22;1600 UTC;0;1003,3;1004,2;1003,3;;29,3;23;29,9;27,8;23,4;21,8;71;65;69;73;5,2;1,2;
2025/03/22;1700 UTC;0;1001,7;1003,3;1001,7;;30,4;21,9;30,7;29,3;23,2;21,5;69;60;60;38;6;1,9;
2025/03/22;1800 UTC;0;1000,5;1001,7;1000,5;;29,9;22,4;30,8;29,6;22,9;21,4;65;59;64;62;6,9;3,5;
2025/03/22;1900 UTC;0;999,5;1000,5;999,5;;30,7;22,2;31;29,8;23,1;21,6;65;59;61;43;6,1;1,8;
2025/03/22;2000 UTC;0;999,3;999,5;999,2;;30,3;21,9;30,8;30,1;22,5;21,5;63;59;61;64;5,8;2,6;
2025/03/22;2100 UTC;0;999,3;999,4;999,2;;29,8;21,9;30,5;29,8;22,4;21,6;63;60;62;35;5;1,7;
2025/03/22;2200 UTC;0;1000;1000;999,3;;28;22,8;29,8;28;22,9;21,8;73;62;73;67;3,1;,3;
2025/03/22;2300 UTC;0;1001,1;1001,1;1000;;26,9;23,2;28;26,9;23,6;22,8;81;73;80;12;,9;0;
2025/03/23;0000 UTC;0;1001,9;1001,9;1001,1;;26;23,1;26,9;25,9;23,5;22,8;86;79;84;103;3,5;2;
2025/03/23;0100 UTC;0;1002,4;1002,5;1001,9;;25,4;21,9;26,1;25,4;23,1;21,9;84;81;81;160;5,8;,5;
2025/03/23;0200 UTC;0;1002,9;1002,9;1002,4;;25;21,9;25,4;25;22;21,8;83;81;83;107;3,2;,2;
2025/03/23;0300 UTC;0;1002,7;1003,2;1002,7;;24,8;22,3;25;24,7;22,3;21,9;86;83;86;297;1,7;,3;
2025/03/23;0400 UTC;2,6;1002,1;1002,7;1002,1;;24,3;22,3;24,8;24,3;22,6;22,3;89;86;89;19;3,5;,9;
2025/03/23;0500 UTC;3,2;1001,7;1002,1;1001,6;;23,9;22;24,5;23,9;22,7;22;90;89;90;10;3,8;1,7;
2025/03/23;0600 UTC;0;1001,3;1001,7;1001,3;;23,8;22;23,9;23,6;22,2;21,9;90;90;90;69;3,8;1;
2025/03/23;0700 UTC;0;1001,8;1001,8;1001,1;;23,8;22,1;23,8;23,7;22,1;21,9;90;90;90;260;1,6;,1;
2025/03/23;0800 UTC;0;1001,8;1001,9;1001,8;;23,9;22,2;23,9;23,8;22,2;22;90;90;90;286;,6;0;
2025/03/23;0900 UTC;0;1002;1002;1001,6;;24;22,4;24;23,8;22,4;22,2;91;90;91;15;0;0;
2025/03/23;1000 UTC;0;1002,3;1002,3;1002;;24,2;22,5;24,2;24;22,5;22,3;91;91;91;357;0;0;
2025/03/23;1100 UTC;,2;1003,2;1003,2;1002,3;;25,3;23,5;25,4;24,1;23,7;22,5;91;90;90;40;1,8;,7;
2025/03/23;1200 UTC;0;1003,9;1003,9;1003,2;;26,4;23;26,8;25,3;24,2;23;90;82;82;37;5;2,4;
2025/03/23;1300 UTC;0;1004,6;1004,6;1003,9;;27,1;22,4;27,7;26,3;23,6;22,3;82;74;76;61;5,5;3,7;
2025/03/23;1400 UTC;0;1004,7;1004,7;1004,6;;27;22,5;27,9;27;23,1;22,2;76;73;76;58;6,2;2,9;
2025/03/23;1500 UTC;0;1003,7;1004,7;1003,7;;29,2;22,6;30,3;26,9;24,1;22,6;79;66;68;7;5;1,3;
2025/03/23;1600 UTC;0;1002,5;1003,7;1002,5;;30,8;23,2;31,2;28,9;24,5;21,9;72;59;64;46;5;2,6;
2025/03/23;1700 UTC;0;1000,8;1002,5;1000,8;;31,4;23,2;31,4;30,1;23,5;22;65;59;62;46;5;1,9;
2025/03/23;1800 UTC;0;999,3;1000,8;999,3;;31,6;22,9;31,6;30,1;23,5;21,7;64;58;60;37;5,1;1,8;
2025/03/23;1900 UTC;0;998,8;999,3;998,8;;31,3;22,4;31,8;30,6;23;21,5;61;57;59;53;5,1;2,1;
2025/03/23;2000 UTC;0;998,6;998,8;998,5;;30,7;22,2;31,9;30,5;22,6;21,4;62;55;61;73;5,1;2,9;
2025/03/23;2100 UTC;0;998,6;998,6;998,5;;30;22,4;30,8;30;22,5;21,9;64;60;64;72;4,8;1,8;
2025/03/23;2200 UTC;0;998,8;998,8;998,6;;28,2;23;30;28,2;23;22,4;73;64;73;61;2,9;,6;
2025/03/23;2300 UTC;0;999,9;999,9;998,8;;27,1;23,3;28,2;27,1;23,4;23;80;73;80;93;1,7;,3;
2025/03/24;0000 UTC;0;1000,7;1000,7;999,9;;26,7;23,6;27,1;26,7;23,6;23,2;83;80;83;81;1,2;0;
2025/03/24;0100 UTC;0;1001,1;1001,1;1000,6;;26,2;23,5;26,7;26,1;23,6;23,4;85;83;85;137;0;0;
2025/03/24;0200 UTC;0;1001,8;1001,9;1001,1;;25,5;23,2;26,2;25,5;23,7;23,2;87;85;87;197;0;0;
2025/03/24;0300 UTC;0;1002,3;1002,4;1001,8;;25,2;23,1;25,5;25;23,2;23;89;87;88;19;4,5;,7;
2025/03/24;0400 UTC;5,8;1001,5;1002,3;1001,5;;24,8;22,8;25,6;24,8;23,2;22,5;89;85;89;260;4,7;,7;
2025/03/24;0500 UTC;,2;1001;1001,5;1001;;24,9;23;24,9;24,8;23,1;22,8;90;89;90;274;1,8;,1;
2025/03/24;0600 UTC;0;1000,6;1001;1000,4;;24,8;22,9;24,9;24,7;23,1;22,9;90;90;90;2;2,1;0;
2025/03/24;0700 UTC;0;1000,7;1000,7;1000,5;;24,7;22,8;24,8;24,6;22,9;22,8;90;89;90;57;1,6;,3;
2025/03/24;0800 UTC;2;1000,8;1000,8;1000,6;;24,8;23;24,8;24,5;23;22,7;90;90;90;210;1,7;0;
2025/03/24;0900 UTC;,2;1001,2;1001,2;1000,7;;24,6;22,9;24,8;24,5;23;22,8;90;90;90;33;,9;0;
2025/03/24;1000 UTC;0;1002;1002;1001,2;;24,6;22,9;24,7;24,5;23;22,8;90;90;90;46;3,2;1,2;
2025/03/24;1100 UTC;0;1002,5;1002,5;1002;;25;23,3;25;24,6;23,3;22,9;90;90;90;44;2,4;1,2;
2025/03/24;1200 UTC;0;1003;1003;1002,5;;26,5;23,7;26,5;25;23,9;23,3;90;85;85;33;4,5;2,3;
2025/03/24;1300 UTC;0;1003,6;1003,6;1003;;27,5;22,6;27,8;26,5;24;22,5;85;74;75;41;5,5;3,2;
2025/03/24;1400 UTC;0;1003;1003,6;1003;;28,1;22,4;29,5;27,5;23,7;22,3;76;67;72;64;6,5;3,8;
2025/03/24;1500 UTC;0;1002,3;1003;1002,3;;29,1;22,5;29,4;28,1;23,3;22,4;73;67;68;28;6,4;2,1;
2025/03/24;1600 UTC;0;1001,3;1002,3;1001,3;;28,7;22,7;29,7;28,7;23,4;22,4;70;66;70;56;5;2,5;
2025/03/24;1700 UTC;,4;999,7;1001,3;999,7;;30,8;22,5;31,8;27,7;24,7;22,5;80;60;61;69;4,4;1,2;
2025/03/24;1800 UTC;0;998,6;999,7;998,6;;31,1;22,3;31,7;30,4;23,7;22,2;65;59;60;79;4,1;1,9;
2025/03/24;1900 UTC;0;997,7;998,6;997,7;;31,6;22,5;32,5;31,1;23,3;21,7;61;55;58;71;4,7;2,8;
2025/03/24;2000 UTC;0;997,7;997,7;997,4;;30,3;22,6;31,8;30,3;23;21,8;64;57;63;67;4,5;2,6;
2025/03/24;2100 UTC;0;998,3;998,3;997,6;;28,8;23,2;30,7;28,8;23,3;21,6;72;59;71;306;4,5;1,3;
2025/03/24;2200 UTC;0;998,6;998,7;998,2;;27,5;23,1;28,8;27,5;23,2;22,8;78;71;77;320;2,9;,2;
2025/03/24;2300 UTC;0;999,8;999,8;998,6;;26,9;23,6;27,6;26,9;23,7;23;82;77;82;23;,9;0;
2025/03/25;0000 UTC;0;1000,7;1000,7;999,8;;26,4;23,8;26,9;26,4;24;23,5;86;82;86;320;1,5;,2;
2025/03/25;0100 UTC;0;1001,6;1001,6;1000,7;;26;23,6;26,4;25,9;23,8;23,5;87;86;87;56;1,5;0;
2025/03/25;0200 UTC;0;1002;1002,1;1001,6;;25,6;23,4;26;25,6;23,7;23,4;88;87;88;197;,9;,1;
2025/03/25;0300 UTC;0;1002;1002,2;1002;;25,3;23,4;25,6;25,2;23,4;23,3;90;88;90;228;1,6;,3;
2025/03/25;0400 UTC;,2;1002,1;1002,4;1002;;24,1;21,7;25,4;24,1;23,5;21,7;90;86;86;25;7,6;1,7;
2025/03/25;0500 UTC;0;1001,5;1002,1;1001,5;;24,3;21,9;24,3;24,1;21,9;21,6;87;86;87;21;3,7;,3;
2025/03/25;0600 UTC;,2;1001,1;1001,5;1001,1;;24,3;22,2;24,3;24,1;22,3;21,8;88;86;88;174;3;,1;
2025/03/25;0700 UTC;0;1001;1001,1;1000,8;;24,2;22,3;24,3;24,1;22,3;22,1;89;88;89;234;1,2;,5;
2025/03/25;0800 UTC;5,6;1001,4;1001,4;1001;;24,2;22,4;24,3;24,1;22,5;22,3;90;89;90;30;2,2;1;
2025/03/25;0900 UTC;1,8;1001,7;1001,7;1001,3;;24,1;22,4;24,2;24;22,5;22,3;90;90;90;80;2,2;0;
2025/03/25;1000 UTC;,2;1002,1;1002,2;1001,7;;24,7;23;24,7;24,1;23;22,4;90;90;90;71;0;0;
2025/03/25;1100 UTC;0;1003,2;1003,2;1002;;25,8;23,9;26;24,6;24,2;22,9;90;89;89;57;2;,4;
2025/03/25;1200 UTC;0;1004;1004;1003,2;;26,8;22,9;27;25,8;23,9;22,8;89;79;79;75;6,8;2,8;
2025/03/25;1300 UTC;0;1003,9;1004;1003,9;;28,3;22,6;28,5;26,7;23,6;22,3;80;70;71;52;6,5;3,2;
2025/03/25;1400 UTC;0;1003,5;1003,9;1003,5;;28,6;22,6;29,8;28,3;23,7;22,2;72;66;70;39;6,3;2,8;
2025/03/25;1500 UTC;0;1003;1003,6;1003;;27,8;22,4;29,6;27,8;23,5;21,8;73;67;73;15;6,8;2,4;
2025/03/25;1600 UTC;0;1001,5;1003;1001,5;;29,4;22,9;30,5;27,3;24,8;22,4;79;66;68;170;5,1;,9;
2025/03/25;1700 UTC;,2;1000,3;1001,5;1000,3;;28;22,9;30,8;27,6;24,9;22,4;79;67;74;137;5,1;2,3;
2025/03/25;1800 UTC;,2;999,4;1000,2;999,4;;27,5;23,7;28;27,1;24,3;22,7;81;74;80;338;4,3;1,5;
2025/03/25;1900 UTC;0;999,1;999,4;998,9;;27,5;23,1;27,9;27,3;23,9;23;81;76;77;21;3,9;1,3;
2025/03/25;2000 UTC;0;999,3;999,3;998,9;;27,4;23,6;27,5;27,1;23,8;22,7;81;76;80;44;3,3;,4;
2025/03/25;2100 UTC;0;999,6;999,6;999,2;;26,3;23,5;27,5;26,3;23,7;23,3;84;79;84;276;2,4;1,2;
2025/03/25;2200 UTC;0;1000,2;1000,3;999,6;;25,7;23,4;26,4;25,7;23,6;23,3;87;84;87;297;2,4;,4;
2025/03/25;2300 UTC;0;1001,4;1001,4;1000,2;;25,5;23,2;25,7;25,5;23,4;23,2;87;87;87;37;3,6;1,8;
2025/03/26;0000 UTC;0;1001,9;1001,9;1001,1;;24,9;22,8;25,5;24,9;23,2;22,8;88;87;88;270;4,3;,4;
2025/03/26;0100 UTC;0;1002,4;1002,4;1001,9;;24,8;22,7;24,9;24,7;22,8;22,6;88;88;88;195;1,5;,4;
2025/03/26;0200 UTC;0;1002,6;1002,6;1002,4;;24,7;22,8;24,8;24,6;22,8;22,6;89;88;89;225;1;0;
2025/03/26;0300 UTC;0;1002,6;1002,9;1002,6;;24,5;22,6;24,7;24,5;22,9;22,6;90;89;89;29;2,8;1,4;
2025/03/26;0400 UTC;0;1002,3;1002,6;1002,3;;24,3;22,2;24,5;24,2;22,6;22,2;89;88;88;39;3,2;1;
2025/03/26;0500 UTC;,4;1001,8;1002,3;1001,8;;24;22,1;24,3;24;22,2;22;89;88;89;88;2,6;0;
2025/03/26;0600 UTC;,2;1001,4;1001,8;1001,4;;24;22,1;24,1;23,9;22,2;22;90;89;89;340;1,5;0;
2025/03/26;0700 UTC;0;1001,3;1001,4;1001,2;;23,9;22,2;24;23,9;22,2;22,1;90;89;90;24;0;0;
2025/03/26;0800 UTC;0;1001,2;1001,3;1001,1;;23,9;22,2;24,1;23,9;22,3;22,1;90;90;90;311;0;0;
2025/03/26;0900 UTC;0;1001,7;1001,7;1001,2;;23,9;22,2;24;23,8;22,3;22,1;90;90;90;292;1,3;,8;
2025/03/26;1000 UTC;0;1002,4;1002,4;1001,7;;24;22,3;24;23,8;22,4;22,1;91;90;90;252;2;,6;
2025/03/26;1100 UTC;0;1002,7;1002,8;1002,4;;24,7;22,8;24,7;24;22,9;22,3;91;89;89;291;2,9;1,6;
2025/03/26;1200 UTC;0;1003,4;1003,4;1002,7;;26,1;22,7;26,5;24,7;23,6;22,6;89;81;82;82;2,9;,8;
2025/03/26;1300 UTC;0;1003,8;1003,8;1003,4;;27,9;23,6;28;26,1;23,8;22,6;82;75;77;55;3,2;1,8;
2025/03/26;1400 UTC;0;1003,6;1003,8;1003,6;;28,5;22,6;29,4;28;23,6;22,4;77;69;70;48;5,5;2,9;
2025/03/26;1500 UTC;0;1002,7;1003,6;1002,7;;30,1;23,3;30,1;28,5;23,5;22,4;72;67;67;36;5,7;2,3;
2025/03/26;1600 UTC;0;1001,3;1002,7;1001,3;;30,6;22,6;31;29,6;23,4;22,3;67;62;63;41;5,4;2,8;
2025/03/26;1700 UTC;0;999,9;1001,3;999,9;;29,8;22,2;30,9;29,8;23;22;65;61;64;16;5,4;2;
2025/03/26;1800 UTC;0;998,6;999,9;998,6;;30,9;22,6;30,9;29,7;23,1;22,1;65;61;61;33;4;1,7;
2025/03/26;1900 UTC;0;997,8;998,6;997,7;;31,5;22,7;32,1;30,8;23,5;21,4;63;56;60;94;3,6;1,3;
2025/03/26;2000 UTC;0;997,8;998;997,7;;29,4;23,2;32,3;29,4;23,3;21,4;69;54;69;112;3,2;1,2;
2025/03/26;2100 UTC;0;998,5;998,6;997,8;;28,6;23,5;29,4;28,6;23,5;22,9;74;69;74;71;2,3;0;
2025/03/26;2200 UTC;0;999,6;999,6;998,5;;26,8;22,8;28,7;26,8;24;22,7;79;74;79;14;4,7;1,8;
2025/03/26;2300 UTC;0;1000,6;1000,6;999,6;;26;22,5;26,9;25,8;23,3;22,1;82;79;81;251;4,3;,1;
2025/03/27;0000 UTC;0;1001;1001;1000,5;;25,7;22,8;26;25,6;22,9;22,4;85;81;84;351;1,3;,1;
2025/03/27;0100 UTC;0;1002,2;1002,2;1001;;25,2;22,7;25,7;25,2;22,8;22,7;86;83;86;197;1;,1;
2025/03/27;0200 UTC;0;1003,4;1003,4;1002,1;;24,9;22,6;25,2;24,7;22,7;22,3;87;86;87;65;5,1;3,1;
2025/03/27;0300 UTC;4;1003;1003,4;1002,9;;23,8;21,8;24,9;23,7;22,5;21,8;89;86;89;329;6,5;1,1;
2025/03/27;0400 UTC;0;1002,1;1003;1002;;23,3;21,3;23,8;23,2;21,8;21,1;89;88;89;354;2,3;0;
2025/03/27;0500 UTC;0;1000,9;1002,1;1000,9;;23,2;21,3;23,4;23,1;21,4;21,2;89;89;89;275;0;0;
2025/03/27;0600 UTC;0;1000,7;1000,9;1000,7;;23,4;21,7;23,4;23,2;21,7;21,3;90;89;90;353;0;0;
2025/03/27;0700 UTC;0;1000,4;1000,7;1000,4;;23,3;21,6;23,5;23,3;21,8;21,6;90;90;90;290;1,7;,4;
2025/03/27;0800 UTC;0;1000,3;1000,4;1000,2;;23,4;21,8;23,5;23,3;21,8;21,6;90;90;90;200;1,7;0;
2025/03/27;0900 UTC;0;1000,8;1000,8;1000,3;;23,5;21,8;23,6;23,4;21,9;21,8;91;90;90;220;0;0;
2025/03/27;1000 UTC;0;1001,6;1001,6;1000,8;;23,6;22;23,6;23,5;22;21,8;91;90;90;304;0;0;
2025/03/27;1100 UTC;,4;1002,8;1002,8;1001,6;;24,3;22,6;24,4;23,6;22,7;22;91;90;90;316;0;0;
2025/03/27;1200 UTC;0;1003,3;1003,3;1002,8;;25;22,9;25,2;24,3;23,3;22,5;90;88;88;287;3,1;1,7;
2025/03/27;1300 UTC;0;1003,7;1003,8;1003,3;;26,6;22,6;26,9;25;23,4;22,5;88;78;79;288;3,8;1,1;
2025/03/27;1400 UTC;0;1003,2;1003,8;1003,2;;29,7;23,1;29,7;26,6;23,8;22;80;68;68;33;4,6;1,8;
2025/03/27;1500 UTC;0;1002,6;1003,2;1002,6;;30,4;22,5;30,8;28,4;24;22,1;72;63;63;32;5;2,2;
2025/03/27;1600 UTC;0;1001,3;1002,6;1001,3;;31,2;22,7;31,5;29,7;23,5;21,4;65;58;61;12;4,8;1;
2025/03/27;1700 UTC;0;999,4;1001,3;999,4;;32,3;22,6;32,5;30;23;21,2;63;54;57;43;4,6;1,4;
2025/03/27;1800 UTC;0;998;999,4;998;;31,3;21,9;32,6;30,7;23,8;20,9;62;53;57;99;3,7;1,3;
2025/03/27;1900 UTC;0;997,2;998;997,2;;32;22,7;32,3;30,8;22,8;21,1;60;54;58;26;4;1,6;
2025/03/27;2000 UTC;0;997;997,2;996,7;;32;21,6;32,4;31,3;22,9;21,3;58;54;54;32;3,4;,7;
2025/03/27;2100 UTC;0;997,5;997,5;997;;30,5;22,2;32,5;30,5;22,4;21,4;61;54;61;45;2,8;1,5;
2025/03/27;2200 UTC;0;998,4;998,4;997,5;;29,1;23,2;30,5;29,1;23,2;22,1;71;61;71;13;2,7;,1;
2025/03/27;2300 UTC;0;999,3;999,3;998,4;;28,1;23,5;29,1;28,1;23,5;23;76;71;76;18;1,4;,1;
2025/03/28;0000 UTC;0;1000,1;1000,1;999,3;;27,2;24;28;27,2;24;23,5;83;76;83;16;,8;0;
2025/03/28;0100 UTC;0;1000,9;1000,9;1000,1;;26,8;23,6;27,2;26,7;24;23,6;84;82;83;7;,5;0;
2025/03/28;0200 UTC;0;1001,3;1001,4;1000,9;;26,2;23,2;26,8;26,2;23,6;23,2;84;82;84;30;3,3;1,5;
2025/03/28;0300 UTC;0;1001,4;1001,7;1001,3;;25,8;22,9;26,2;25,7;23,2;22,8;84;84;84;38;4;1,9;
2025/03/28;0400 UTC;0;1000,9;1001,4;1000,9;;25,5;22,4;25,8;25,5;22,9;22,4;84;82;83;47;7;3,3;
2025/03/28;0500 UTC;2,6;1000,2;1001;1000,2;;23,6;21,4;25,5;23,6;22,4;21,3;87;83;87;60;8;2,4;
2025/03/28;0600 UTC;,2;1000,3;1000,5;1000,2;;23,2;21,1;23,6;23,1;21,4;21;88;87;88;59;4,3;1,7;
2025/03/28;0700 UTC;0;1000,1;1000,3;999,9;;23,2;21,1;23,2;23,1;21,1;21;88;88;88;339;2,7;,4;
2025/03/28;0800 UTC;,2;1000,3;1000,3;1000,1;;23,2;21,1;23,2;23;21,2;21;89;88;88;58;1,6;0;
2025/03/28;0900 UTC;0;1000,3;1000,3;1000,1;;23,1;20,9;23,3;23;21,1;20,9;88;87;88;84;2,7;0;
2025/03/28;1000 UTC;0;1000,7;1000,7;1000,3;;23,2;21,2;23,2;23;21,3;20,9;89;88;89;60;0;0;
2025/03/28;1100 UTC;0;1001,6;1001,6;1000,7;;24;22;24;23,1;22;21,2;89;89;89;69;0;0;
2025/03/28;1200 UTC;0;1002,3;1002,3;1001,6;;24,7;22,6;24,7;23,9;22,7;21,7;89;88;88;18;2,3;,4;
2025/03/28;1300 UTC;0;1002,5;1002,5;1002,3;;26,1;22,6;26,2;24,7;23;22,4;88;81;81;354;3,5;1;
2025/03/28;1400 UTC;0;1002,6;1002,6;1002,5;;26,8;22,7;27;25,9;23;22,2;82;77;78;44;3,8;2,1;
2025/03/28;1500 UTC;0;1002,2;1002,6;1002,2;;27,8;23;28,3;26,7;23,5;22,3;79;73;75;51;3,8;2,2;
2025/03/28;1600 UTC;0;1001,2;1002,2;1001,2;;30,3;23,1;30,5;27,9;23,6;22,1;75;63;65;25;5,1;1,8;
2025/03/28;1700 UTC;0;999,6;1001,2;999,6;;29,2;21,9;30,3;29,1;23,2;21,6;67;63;65;67;4,2;2;
2025/03/28;1800 UTC;0;998,2;999,6;998,2;;29,4;22,9;29,8;29,1;23,4;21,8;69;64;68;117;3,7;1,7;
2025/03/28;1900 UTC;0;997,1;998,2;997,1;;29;22,4;29,8;28,9;23,3;22,2;69;66;68;83;2,9;1,5;
2025/03/28;2000 UTC;0;997;997,1;996,9;;28,9;22,9;29,2;28,8;23,3;22,2;71;66;70;139;2,6;,9;
2025/03/28;2100 UTC;0;997,9;997,9;997;;28,3;22,9;29,9;28,3;23,4;22,6;73;67;73;133;1,7;0;
2025/03/28;2200 UTC;0;998,2;998,3;997,9;;27;23,3;28,3;27;23,4;22,9;80;73;80;335;0;0;
2025/03/28;2300 UTC;0;999,8;999,8;998,2;;26,3;23,5;27;26,3;23,6;23,3;85;80;85;51;0;0;
2025/03/29;0000 UTC;0;1000,4;1000,4;999,8;;25,6;23,3;26,3;25,6;23,5;23,2;87;84;87;231;0;0;
2025/03/29;0100 UTC;0;1001,1;1001,1;1000,4;;25,4;23,3;25,7;25,4;23,3;23,1;88;87;88;238;0;0;
2025/03/29;0200 UTC;0;1001,7;1001,7;1001,1;;25,1;23,2;25,5;25,1;23,4;23,2;89;88;89;298;0;0;
2025/03/29;0300 UTC;0;1001,5;1001,8;1001,5;;25,1;23,2;25,4;25,1;23,5;23,2;89;89;89;301;0;0;
2025/03/29;0400 UTC;0;1001,2;1001,5;1001,2;;25,4;23,4;25,4;24,9;23,5;23;90;89;89;56;2,5;,1;
2025/03/29;0500 UTC;0;1000,3;1001,2;1000,2;;24,9;22,1;25,5;24,9;23,4;22,1;89;85;85;37;6,9;2;
2025/03/29;0600 UTC;0;1000,2;1000,5;999,7;;24,1;21,4;24,9;24,1;22,1;21,4;85;83;85;24;6;1,6;
2025/03/29;0700 UTC;0;999,9;1000,2;999,9;;23,7;21,3;24,1;23,7;21,4;21,3;87;85;87;306;3,5;1,2;
2025/03/29;0800 UTC;,8;999,8;999,9;999,8;;23,5;21,4;23,7;23,4;21,5;21,3;88;87;88;20;2,1;0;
2025/03/29;0900 UTC;,2;1000,6;1000,6;999,8;;23,6;21,6;23,7;23,4;21,8;21,4;89;88;89;72;,4;0;
2025/03/29;1000 UTC;0;1001,2;1001,2;1000,6;;23,7;21,9;23,7;23,5;21,9;21,6;89;89;89;34;1,7;,4;
2025/03/29;1100 UTC;0;1002,3;1002,3;1001,2;;24;22,2;24,1;23,7;22,3;21,8;90;89;89;14;2;0;
2025/03/29;1200 UTC;0;1002,9;1002,9;1002,3;;25,8;22,9;25,9;24;23,3;22,1;90;84;84;42;3,2;1,8;
2025/03/29;1300 UTC;0;1003,2;1003,2;1002,9;;26,9;22,5;28,1;25,7;23,6;22,2;84;72;77;305;4,2;2;
2025/03/29;1400 UTC;0;1002,9;1003,3;1002,9;;28,9;22,7;29,3;26,9;23,5;22,3;78;69;69;43;4,5;2,5;
2025/03/29;1500 UTC;0;1001,8;1002,9;1001,8;;31,1;22;31,2;28,3;23,6;21,9;72;59;59;42;6,1;2,3;
2025/03/29;1600 UTC;0;999,9;1001,8;999,9;;32;23,6;32;29,8;23,6;21,6;64;58;61;36;6,1;2,5;
2025/03/29;1700 UTC;,2;998,4;999,9;998,4;;28,8;23,8;32,1;26,2;23,8;21,4;82;57;75;295;9,2;1,4;
2025/03/29;1800 UTC;,2;996,9;998,4;996,9;;31,6;22,3;31,9;28,8;24,8;22;76;58;58;327;4;,4;
2025/03/29;1900 UTC;0;996,4;996,9;996,4;;30,8;22,4;32,2;30,8;23,6;21,9;62;57;61;342;3,9;1,5;
2025/03/29;2000 UTC;0;995,8;996,4;995,8;;31,7;22,5;32,2;30,7;23,5;22,3;63;58;58;355;4,2;1,1;
2025/03/29;2100 UTC;0;996,9;996,9;995,8;;28,3;23;31,8;28,3;23,2;22,4;73;58;73;35;7,9;3,3;
2025/03/29;2200 UTC;2,4;998,1;998,1;996,9;;26;23,3;28,3;25,8;23,4;23;86;73;85;31;6;1,6;
2025/03/29;2300 UTC;0;999;999;998,1;;25,9;22,5;26,1;25,9;23,4;22,5;86;81;81;65;4,7;2,4;
2025/03/30;0000 UTC;0;1000,1;1000,1;999;;25,1;22,3;25,9;25,1;22,7;22,2;84;81;84;71;3,9;,7;
2025/03/30;0100 UTC;0;1001;1001;1000,1;;24,8;22,1;25,2;24,8;22,4;22,1;85;84;85;62;3,8;1,5;
2025/03/30;0200 UTC;,2;1001,3;1001,4;1001;;24,7;22,2;24,8;24,7;22,3;22,1;86;85;86;311;2,8;,7;
2025/03/30;0300 UTC;0;1001;1001,4;1000,9;;24,5;22,1;24,8;24,5;22,3;22;86;86;86;346;2,6;,6;
2025/03/30;0400 UTC;0;1000,3;1001;1000,3;;24,3;22,1;24,5;24,3;22,1;22;87;86;87;56;1,6;,2;
2025/03/30;0500 UTC;0;999,6;1000,3;999,6;;24,1;22;24,4;24,1;22,2;22;88;87;88;322;1,7;,2;
2025/03/30;0600 UTC;0;999,1;999,8;999,1;;23,9;22;24,2;23,9;22,1;22;89;88;89;320;1,1;,2;
2025/03/30;0700 UTC;,4;999,4;999,4;999;;24,1;22,2;24,2;23,9;22,3;21,9;89;89;89;41;4,7;1,9;
2025/03/30;0800 UTC;,6;999,3;999,5;999,3;;23,3;21,2;24,1;23,3;22,2;21,2;89;88;88;100;6,6;,4;
2025/03/30;0900 UTC;,4;1000,1;1000,1;999,2;;23,2;21,2;23,4;23,1;21,4;21;89;88;89;56;1,9;0;
2025/03/30;1000 UTC;0;1000,5;1000,5;1000;;23,1;21,3;23,3;23;21,4;21,1;90;89;89;263;1,5;0;
2025/03/30;1100 UTC;0;1001,4;1001,4;1000,5;;23,9;22,1;23,9;23,1;22,2;21,3;90;89;90;163;1,3;0;
2025/03/30;1200 UTC;0;1001,8;1001,8;1001,4;;25,1;22,7;25,1;23,7;22,8;21,8;90;87;87;220;1,4;,1;
2025/03/30;1300 UTC;,2;1002,2;1002,3;1001,8;;27,9;22,8;28,2;25,1;23,9;22,4;87;74;74;65;3,6;1,8;
2025/03/30;1400 UTC;0;1001,6;1002,3;1001,6;;29,1;22,4;29,9;27,4;23,5;21,7;76;65;67;50;6,8;3,1;
2025/03/30;1500 UTC;0;1001;1001,6;1001;;29,3;21,6;30,8;28,8;23,3;21,3;68;60;63;70;7,9;3;
2025/03/30;1600 UTC;0;999,7;1001;999,7;;30,3;21,5;30,9;28,9;23,3;21,3;67;59;60;42;5,7;2,9;
2025/03/30;1700 UTC;1,6;998,6;999,7;998,6;;27,7;23,4;30,3;25,5;24,1;21,1;85;59;77;156;12,7;,1;
2025/03/30;1800 UTC;0;997,3;998,6;997,3;;30,7;24,2;30,7;27,4;24,5;22,9;80;66;68;330;3,5;,9;
2025/03/30;1900 UTC;0;996,4;997,3;996,4;;30,1;22,4;31,5;29,9;23,7;21,2;68;56;63;70;5,4;3,1;
2025/03/30;2000 UTC;0;996,4;996,4;996,2;;29,9;21,9;31,6;29,9;24,4;21,3;67;60;62;102;5,2;1,7;
2025/03/30;2100 UTC;0;996,6;996,6;996,4;;27,8;23;30;27,8;23,5;22;76;62;76;198;3,4;0;
2025/03/30;2200 UTC;0;997,4;997,4;996,6;;26,5;23,1;27,7;26,5;23,3;23;82;76;82;161;2,1;,2;
2025/03/30;2300 UTC;0;998;998;997,4;;25,9;23,2;26,5;25,8;23,2;22,9;85;82;85;243;1,6;,2;
2025/03/31;0000 UTC;0;999,2;999,2;998;;25,8;23,2;25,9;25,8;23,4;23,2;86;85;86;219;1,3;,6;
2025/03/31;0100 UTC;0;999,7;999,7;999,3;;25,3;23,1;25,8;25,3;23,3;23;88;86;88;222;1,5;0;
2025/03/31;0200 UTC;0;1000,3;1000,3;999,5;;25,1;23,1;25,3;25;23,1;22,9;89;88;89;194;1,2;,3;
2025/03/31;0300 UTC;0;1000,3;1000,6;1000,3;;25,1;23;25,2;25;23,2;23;89;88;88;291;3,1;,9;
2025/03/31;0400 UTC;,6;999,9;1000,3;999,9;;25,1;23;25,2;25;23,1;22,9;88;88;88;105;3,9;1,7;
2025/03/31;0500 UTC;3;999,3;999,9;999,3;;24,6;22,8;25,2;24,6;23,2;22,7;90;88;90;51;4;,4;
2025/03/31;0600 UTC;,2;999,3;999,3;998,9;;24,1;22,3;24,6;24,1;22,8;22,3;90;90;90;322;2,2;1,2;
2025/03/31;0700 UTC;0;999,4;999,4;999,1;;23,9;22,1;24,1;23,7;22,3;21,9;90;90;90;53;3,6;0;
2025/03/31;0800 UTC;0;999,7;999,8;999,4;;23,7;21,9;23,9;23,6;22,1;21,8;90;90;90;352;2,3;,5;
2025/03/31;0900 UTC;0;1000;1000;999,7;;23,7;22;23,7;23,5;22;21,8;90;90;90;64;2,1;0;
2025/03/31;1000 UTC;0;1000,9;1000,9;1000;;23,8;21,9;23,8;23,7;22;21,9;90;89;89;76;2,2;1,4;
2025/03/31;1100 UTC;0;1001,5;1001,6;1000,9;;24,3;22,2;24,3;23,7;22,2;21,9;89;88;88;35;2,3;0;
2025/03/31;1200 UTC;0;1002,2;1002,2;1001,5;;25,7;22,5;25,7;24,2;22,5;21,8;88;82;83;37;2,4;,7;
2025/03/31;1300 UTC;0;1003;1003;1002,2;;27,6;22,8;27,9;25,7;23,4;22,3;83;73;75;51;3,6;1,7;
2025/03/31;1400 UTC;0;1002,9;1003,1;1002,9;;28,2;22,7;28,4;26,9;23,2;22,2;77;71;72;82;4,3;2,1;
2025/03/31;1500 UTC;0;1002,4;1002,9;1002,4;;29,6;22,8;30,4;27,8;23,6;22,2;74;64;67;12;4,7;1,3;
2025/03/31;1600 UTC;0;1001,4;1002,4;1001,4;;29,3;22,3;30,8;29;23,5;21,8;70;63;66;61;5,7;2,8;
2025/03/31;1700 UTC;0;999,9;1001,4;999,9;;29,2;23,5;30,1;28,6;23,9;22,2;72;66;71;179;5,5;1;
2025/03/31;1800 UTC;0;998,6;999,9;998,6;;30,4;22,7;30,7;29;24,6;22,5;72;63;64;2;3,1;,6;
2025/03/31;1900 UTC;,4;998,1;998,6;997,9;;27,7;22,8;30,4;27,7;23,3;21,9;75;63;75;351;3,8;1,1;
2025/03/31;2000 UTC;0;997,9;998,1;997,9;;28,8;23,7;28,9;27,5;24,3;22,8;79;73;74;319;3,1;,7;
2025/03/31;2100 UTC;0;998,5;998,5;997,8;;28;23,9;28,8;28;24;23,4;78;73;78;205;1,9;0;
2025/03/31;2200 UTC;0;999,1;999,1;998,5;;27;24,1;28;27;24,4;23,9;84;78;84;218;1,2;0;
2025/03/31;2300 UTC;0;999,7;999,7;999,1;;26,4;24;27;26,4;24,2;24;87;84;87;210;0;0;
2025/04/01;0000 UTC;0;1000,9;1000,9;999,7;;26,2;23,9;26,4;26,1;24,1;23,8;88;87;87;216;0;0;
2025/04/01;0100 UTC;0;1001,5;1001,5;1000,9;;25,8;23,7;26,2;25,8;24;23,7;88;87;88;225;0;0;
2025/04/01;0200 UTC;0;1001,4;1001,5;1001,4;;25,5;23,5;25,8;25,5;23,7;23,5;89;88;89;218;0;0;
2025/04/01;0300 UTC;0;1001,7;1001,7;1001,4;;25;23,1;25,5;25;23,5;23,1;89;89;89;245;1,9;0;
2025/04/01;0400 UTC;0;1001,2;1001,8;1001,2;;25,1;23,1;25,1;25;23,2;22,9;89;88;89;223;0;0;
2025/04/01;0500 UTC;,2;1001,2;1001,2;1000,3;;25;23,2;25,1;24,7;23,2;22,8;90;88;90;53;8,1;2,1;
2025/04/01;0600 UTC;16,8;1000,5;1001,4;1000,4;;23,3;21,7;25;22,6;23,2;20,7;91;88;91;21;10,9;1,4;
2025/04/01;0700 UTC;0;1000,4;1000,5;1000,3;;23,7;22;23,8;23,3;22,1;21,7;91;90;90;234;2,4;0;
2025/04/01;0800 UTC;0;1000,7;1000,7;1000,3;;23,9;22,2;23,9;23,6;22,3;22;91;90;91;88;0;0;
2025/04/01;0900 UTC;0;1001,1;1001,1;1000,7;;23,8;22,2;24;23,8;22,3;22,2;91;91;91;242;0;0;
2025/04/01;1000 UTC;0;1001,6;1001,6;1001,1;;24,1;22,4;24,1;23,8;22,4;22,2;91;91;91;244;,9;0;
2025/04/01;1100 UTC;,2;1002;1002;1001,6;;25;23,3;25;24;23,3;22,4;91;91;91;241;0;0;
2025/04/01;1200 UTC;0;1002,3;1002,3;1002;;26,7;24,2;26,7;25;24,2;23,4;91;85;86;13;2,6;,9;
2025/04/01;1300 UTC;0;1002,8;1002,8;1002,3;;27,6;23,2;28,1;26,6;24,2;22,9;86;76;77;49;4,1;2;
2025/04/01;1400 UTC;0;1002,3;1002,8;1002,3;;28,7;22,9;29,3;27,4;24;22,9;78;70;71;22;4,5;1,6;
2025/04/01;1500 UTC;0;1001,7;1002,3;1001,7;;31,1;24,4;31,1;28,6;24,4;22,8;73;67;68;35;4,5;1,9;
2025/04/01;1600 UTC;0;1000,7;1001,7;1000,7;;31,1;22,9;32,1;29,9;24,3;22,4;68;58;62;36;5,6;2,3;
2025/04/01;1700 UTC;0;999,6;1000,7;999,6;;31,6;23;33,3;31;23,3;21,5;62;54;60;52;4,6;2,7;
2025/04/01;1800 UTC;0;998,5;999,6;998,5;;28,7;22,3;32,7;28,7;23,8;21,7;69;55;69;33;6,7;2,6;
2025/04/01;1900 UTC;0;997,2;998,5;997,2;;30,7;23,1;30,8;28,3;23,4;22,1;72;63;64;31;4,6;1,3;
2025/04/01;2000 UTC;0;996,9;997,2;996,7;;30,6;22,3;31,9;30,6;23,2;21,9;64;57;61;73;3,6;1,8;
2025/04/01;2100 UTC;0;997,5;997,5;996,9;;28,9;22,2;31,3;28,8;22,9;21,6;68;60;67;352;5,7;1,1;
2025/04/01;2200 UTC;0;998,3;998,3;997,5;;27,5;23,1;28,9;27,5;23,2;21,8;77;67;77;197;2;,4;
2025/04/01;2300 UTC;0;999,3;999,3;998,3;;26,6;22,5;27,5;26,6;23,1;22,5;80;77;78;164;1,8;,4;
2025/04/02;0000 UTC;10,4;1001,7;1001,7;999,3;;23,2;21;26,7;22,7;22,8;19,3;88;70;87;310;9,4;0;
2025/04/02;0100 UTC;1,4;1001,6;1001,7;1001,1;;23,6;21,7;23,9;23,1;22;21;89;88;89;179;2,1;,7;
2025/04/02;0200 UTC;1;1002,1;1002,1;1001,6;;23,7;21,9;23,8;23,5;22;21,6;90;89;90;33;2,6;1,5;
2025/04/02;0300 UTC;0;1002,6;1002,8;1002,1;;23,6;21,8;23,8;23,4;21,9;21,6;90;89;90;345;2,8;,1;
2025/04/02;0400 UTC;0;1002,2;1002,7;1002,2;;23,9;22,1;23,9;23,5;22,1;21,7;90;90;90;45;4,9;1,2;
2025/04/02;0500 UTC;0;1001;1002,2;1001;;23,9;22;24;23,9;22,1;22;90;89;89;27;2,5;1;
2025/04/02;0600 UTC;0;1000,8;1001;1000,8;;23,7;21,9;23,9;23,7;22,1;21,9;90;89;90;305;2;,8;
2025/04/02;0700 UTC;0;1000,5;1000,8;1000,5;;23,6;21,8;23,7;23,6;21,9;21,8;90;89;89;60;2,2;1,3;
2025/04/02;0800 UTC;0;1000,2;1000,5;1000,2;;23,5;21,6;23,7;23,4;21,8;21,5;89;89;89;40;2,2;0;
2025/04/02;0900 UTC;,2;1000,1;1000,2;1000;;23,4;21,4;23,5;23,3;21,6;21,4;89;89;89;44;1,7;0;
2025/04/02;1000 UTC;0;1000,8;1000,8;1000;;23,4;21,5;23,4;23,3;21,5;21,4;89;89;89;80;1,7;0;
2025/04/02;1100 UTC;0;1001,4;1001,4;1000,8;;24,6;22,7;24,6;23,4;22,7;21,5;89;89;89;161;1,6;,3;
2025/04/02;1200 UTC;0;1001,9;1001,9;1001,4;;26,5;22,3;26,5;24,6;22,9;22;89;77;77;101;1,6;0;
2025/04/02;1300 UTC;0;1002,4;1002,5;1001,9;;28,1;22,5;28,2;26,2;23;21,5;79;71;72;35;5,2;2,4;
2025/04/02;1400 UTC;0;1002,3;1002,5;1002,3;;27,6;21,9;29,1;27,2;23,8;21,8;74;69;71;47;4,8;1,9;
2025/04/02;1500 UTC;0;1001,9;1002,3;1001,9;;29,3;22,4;29,9;27,6;23,3;21,8;74;64;66;307;4,4;1;
2025/04/02;1600 UTC;0;1000,9;1001,9;1000,9;;30,7;22,5;31,1;28,9;23,5;21,4;68;60;62;13;4,3;1,4;
2025/04/02;1700 UTC;0;999,5;1000,9;999,5;;30,9;22,5;31,7;30,4;23,2;21,6;63;57;61;81;4,9;1,8;
2025/04/02;1800 UTC;,2;998;999,5;998;;28,9;23,8;32,4;27,7;24,5;21,2;79;55;74;138;6,5;1,1;
2025/04/02;1900 UTC;0;997,2;998;997,2;;31,5;21,7;31,6;28,9;23,9;21,4;74;56;56;116;4,2;1,7;
2025/04/02;2000 UTC;0;997,1;997,2;997;;28,5;22;31,5;28,5;23,1;21,2;69;55;68;28;6,1;,8;
2025/04/02;2100 UTC;0;997,7;997,7;997;;27,9;22,8;28,5;27,9;22,9;21,9;74;68;74;355;2,7;,5;
2025/04/02;2200 UTC;0;998,1;998,1;997,7;;26,5;22,6;27,9;26,5;22,9;22,3;80;73;79;355;2,7;,5;
2025/04/02;2300 UTC;0;999,1;999,2;998,1;;25,7;22,8;26,6;25,7;23,1;22,5;84;79;84;250;1,2;,2;
2025/04/03;0000 UTC;0;1000,1;1000,1;999,1;;25,9;21,7;26,3;25,7;23,3;21,7;85;78;78;17;4,6;2;
2025/04/03;0100 UTC;0;1000,7;1000,7;999,9;;25,1;21,6;25,9;25;21,7;21,1;81;77;81;319;4,1;0;
2025/04/03;0200 UTC;0;1001,7;1001,7;1000,7;;25;21,1;25,4;25;21,8;20,9;81;77;79;43;3,9;,9;
2025/04/03;0300 UTC;0;1001,9;1002;1001,6;;24,7;22,2;25;24,7;22,2;21,1;86;79;86;61;3,4;,2;
2025/04/03;0400 UTC;0;1001,4;1002;1001,4;;24,6;22,3;24,8;24,5;22,5;22,2;87;86;87;328;2,2;0;
2025/04/03;0500 UTC;0;1000,6;1001,4;1000,6;;24;21,9;24,6;24;22,3;21,8;88;87;88;317;0;0;
2025/04/03;0600 UTC;0;999,8;1000,6;999,8;;23,6;21,6;24;23,6;21,9;21,6;89;88;89;325;2,2;0;
2025/04/03;0700 UTC;0;999,5;999,8;999,5;;23,4;21,6;23,6;23,4;21,7;21,5;89;89;89;219;0;0;
2025/04/03;0800 UTC;0;999,7;999,8;999,5;;23,3;21,5;23,4;23,3;21,6;21,5;90;89;90;256;0;0;
2025/04/03;0900 UTC;0;1000,3;1000,3;999,6;;23,4;21,7;23,5;23,2;21,8;21,5;90;90;90;282;1,5;0;
2025/04/03;1000 UTC;0;1001,2;1001,2;1000,3;;23,6;21,9;23,6;23,4;21,9;21,6;90;90;90;192;0;0;
2025/04/03;1100 UTC;0;1001,6;1001,6;1001,2;;24,3;22,5;24,3;23,6;22,5;21,9;90;90;90;247;0;0;
2025/04/03;1200 UTC;0;1002,3;1002,3;1001,6;;26,6;22,8;26,8;24,3;23,9;22,4;90;79;80;87;1,9;,7;
2025/04/03;1300 UTC;0;1002,4;1002,5;1002,3;;29,1;23,8;29,1;26,5;23,8;22,3;80;72;73;49;4,1;1;
2025/04/03;1400 UTC;0;1002;1002,4;1002;;29,9;22,7;30,3;28,3;24,1;22,4;73;65;65;49;5,9;2,6;
2025/04/03;1500 UTC;0;1001,6;1002,1;1001,6;;30,1;22,2;31;29;24,2;21,9;71;61;63;53;6,2;3,1;
2025/04/03;1600 UTC;0;1000,6;1001,6;1000,6;;31,1;23,1;31,3;29,7;23,8;21,9;66;60;62;10;5,1;2,3;
2025/04/03;1700 UTC;0;999,2;1000,6;999,2;;30,8;22,7;32;30,1;23,6;22;65;58;62;64;6,1;3,2;
2025/04/03;1800 UTC;0;998;999,2;998;;31,3;22,8;31,9;30,2;23;21,7;63;56;61;86;6,9;2,6;
2025/04/03;1900 UTC;0;997,2;998;997,2;;32,1;22,3;32,8;31,3;23,2;21,9;61;54;56;150;4,6;1,6;
2025/04/03;2000 UTC;0;996,9;997,2;996,7;;28,8;23,4;32,2;28,8;23,5;22,3;73;56;73;218;3,8;1,6;
2025/04/03;2100 UTC;0;997,5;997,5;996,9;;27,6;23,6;28,8;27,6;23,8;23,4;79;73;79;245;4;,8;
2025/04/03;2200 UTC;0;998,1;998,2;997,5;;26,9;23,4;27,6;26,9;23,6;23,2;81;79;81;15;1,8;0;
2025/04/03;2300 UTC;0;999,1;999,1;998,1;;26,1;23,3;26,9;26,1;23,6;23,3;85;81;85;274;0;0;
2025/04/04;0000 UTC;0;1000,1;1000,2;999,1;;25,6;23,3;26,2;25,6;23,5;23,2;87;85;87;225;0;0;
2025/04/04;0100 UTC;0;1000,6;1000,6;1000;;25,3;23,2;25,6;25,2;23,3;23,2;88;87;88;241;0;0;
2025/04/04;0200 UTC;0;1001,4;1001,4;1000,6;;25,1;23,1;25,3;25,1;23,3;23,1;89;88;89;216;0;0;
2025/04/04;0300 UTC;0;1001;1001,5;1001;;25,2;23,3;25,2;24,8;23,4;22,9;90;89;89;51;0;0;
2025/04/04;0400 UTC;0;1000,4;1001,1;1000,4;;24,7;22,8;25,2;24,7;23,4;22,8;90;89;89;217;1,9;0;
2025/04/04;0500 UTC;0;1000,6;1000,8;1000,3;;25;23,1;25;24,6;23,2;22,8;90;89;90;42;2,9;1;
2025/04/04;0600 UTC;0;1000,3;1000,6;1000,2;;24,6;22,7;25;24,6;23,1;22,7;90;89;89;23;3,1;,1;
2025/04/04;0700 UTC;0;1000,7;1000,7;1000,2;;24,5;22,4;24,7;24,5;22,7;22,4;89;88;88;39;2,8;1,6;
2025/04/04;0800 UTC;1,8;1001,1;1001,1;1000,7;;24,3;22,3;24,6;24,2;22,4;22,1;89;88;89;167;3,2;,9;
2025/04/04;0900 UTC;5;1001,8;1001,9;1001,1;;23,9;22,1;24,3;23,9;22,3;22,1;90;89;90;121;2,7;,6;
2025/04/04;1000 UTC;4,2;1002,5;1002,5;1001,7;;23,7;22;23,9;23,7;22,1;21,8;90;89;90;321;2,7;,4;
2025/04/04;1100 UTC;3,8;1003,2;1003,2;1002,5;;23,7;21,9;23,7;23,5;22;21,7;90;90;90;62;1,1;0;
2025/04/04;1200 UTC;0;1003,5;1003,5;1003,2;;25,1;23,1;25,1;23,5;23,1;21,7;90;89;89;131;2,5;,4;
2025/04/04;1300 UTC;,2;1003,7;1003,7;1003,4;;26,4;22,8;26,7;24,9;23,7;22,6;89;80;81;86;4;2,4;
2025/04/04;1400 UTC;0;1003,3;1003,7;1003,3;;28;23;28,4;26,4;23,8;22,5;81;73;74;55;4,7;2,6;
2025/04/04;1500 UTC;0;1003;1003,3;1003;;28,3;22,8;29,1;28;23,9;22,8;74;71;72;50;6,8;3,4;
2025/04/04;1600 UTC;0;1002,1;1003;1002,1;;30,6;23,5;30,7;28,1;24;22,6;72;66;66;57;7,2;2,4;
2025/04/04;1700 UTC;0;1000,7;1002,1;1000,7;;31,3;23,5;31,7;29,6;24;22,7;69;61;63;355;5;1,3;
2025/04/04;1800 UTC;0;999,5;1000,7;999,5;;32,5;23;32,6;30,6;24;21,8;65;55;57;42;4,7;2;
2025/04/04;1900 UTC;0;998,6;999,5;998,6;;31,3;21,8;32,5;31,1;23;21,6;60;55;57;82;4,9;1,8;
2025/04/04;2000 UTC;0;998,7;998,8;998,4;;31,4;21,7;32,4;31,2;22,7;21,4;59;54;56;48;3,1;,7;
2025/04/04;2100 UTC;0;999,5;999,5;998,7;;29,1;22,3;31,4;29,1;22,5;21,8;67;56;67;25;5,2;2,1;
2025/04/04;2200 UTC;2;1000,7;1000,7;999,5;;26,3;23,4;29,1;26,2;23,4;22,2;84;67;84;15;5;,9;
2025/04/04;2300 UTC;0;1002;1002;1000,7;;26,3;23,8;26,5;26,1;23,9;23,4;86;84;86;356;4,1;,7;
2025/04/05;0000 UTC;,2;1002,7;1002,7;1002;;25,8;22,7;26,4;25,8;23,8;22,7;86;83;83;345;3,9;1;
2025/04/05;0100 UTC;0;1003,2;1003,2;1002,6;;25,5;22,7;25,8;25,5;22,8;22,7;85;83;85;22;3,4;,8;
2025/04/05;0200 UTC;0;1004,3;1004,4;1003,2;;25,6;22,9;25,6;25,5;22,9;22,7;85;85;85;24;4;1,6;
2025/04/05;0300 UTC;24;1004,6;1005,3;1004,3;;23,1;21,5;25,6;22,8;23;21,2;91;85;91;47;14,8;2,4;
2025/04/05;0400 UTC;1,6;1003,3;1004,6;1003,3;;23,4;21,9;23,4;23;21,9;21,5;91;91;91;310;4,9;0;
2025/04/05;0500 UTC;1,8;1002,3;1003,3;1002,3;;23,3;21,7;23,5;23,2;21,9;21,7;91;91;91;210;1,3;0;
2025/04/05;0600 UTC;,6;1001,9;1002,3;1001,8;;23,4;21,9;23,4;23,1;21,9;21,5;91;91;91;115;3,3;1,1;
2025/04/05;0700 UTC;0;1002,1;1002,1;1001,8;;23,2;21,7;23,4;23,1;21,9;21,6;91;91;91;208;3,3;,5;
2025/04/05;0800 UTC;0;1001,8;1002,2;1001,7;;23,1;21,5;23,3;23,1;21,7;21,5;91;91;91;281;2,8;0;
2025/04/05;0900 UTC;0;1002,7;1002,8;1001,8;;23,3;21,7;23,3;23,1;21,8;21,5;91;91;91;250;1,4;,1;
2025/04/05;1000 UTC;0;1003,5;1003,5;1002,7;;23,6;22;23,6;23,2;22;21,6;91;91;91;52;1,3;0;
2025/04/05;1100 UTC;,2;1004,3;1004,3;1003,5;;25;23,4;25,1;23,6;23,5;22;91;91;91;13;2,3;,7;
2025/04/05;1200 UTC;0;1004,6;1004,6;1004,3;;25,6;22,9;25,7;24,8;24,1;22,8;91;85;85;298;3;1,2;
2025/04/05;1300 UTC;0;1004,4;1004,6;1004,4;;28,1;23,2;28,2;25,6;23,5;22,5;85;74;75;357;4,9;1,5;
2025/04/05;1400 UTC;0;1004;1004,5;1004;;28,7;22,2;29,5;27,7;23,2;21,9;75;66;68;35;5,4;2,1;
2025/04/05;1500 UTC;0;1003,8;1004;1003,8;;29,8;22,3;30,8;28,6;23,5;21,9;70;62;64;47;4,8;1,9;
2025/04/05;1600 UTC;0;1002,9;1003,8;1002,9;;31,3;23;31,3;29,3;23,4;21,6;68;58;61;329;4,2;,4;
2025/04/05;1700 UTC;0;1002;1002,9;1002;;30,2;22,1;31,4;30,1;23,1;21,6;63;57;62;80;3,4;1,5;
2025/04/05;1800 UTC;0;1001,1;1002;1001,1;;31,2;22,8;31,3;30,1;23,6;21,8;67;59;61;24;4,1;,8;
2025/04/05;1900 UTC;0;1000;1001,1;1000;;32,3;24;32,3;30,4;24,2;22,3;65;58;62;205;3,3;,8;
2025/04/05;2000 UTC;0;999,4;1000;999,4;;31,6;23;32,4;30,7;23,5;21,9;64;57;60;140;3,4;,6;
2025/04/05;2100 UTC;0;999,8;999,8;999,2;;29,3;23,2;31,6;29,1;23,2;21,4;70;57;70;334;3,2;,9;
2025/04/05;2200 UTC;0;1000,4;1000,5;999,8;;28,1;23,1;29,3;28,1;23,3;22,8;74;69;74;13;2,5;,4;
2025/04/05;2300 UTC;0;1001,7;1001,7;1000,3;;27;23,7;28,1;26,9;23,7;23;82;74;82;131;1,7;0;
2025/04/06;0000 UTC;0;1002,4;1002,5;1001,6;;26,3;23,5;27;26,3;23,7;23,5;84;82;84;193;1;0;
2025/04/06;0100 UTC;0;1003;1003;1002,4;;25,9;23,6;26,3;25,9;23,6;23,4;87;85;87;201;0;0;
2025/04/06;0200 UTC;0;1003,3;1003,3;1003;;25,7;23,3;26;25,6;23,6;23,1;87;86;86;51;0;0;
2025/04/06;0300 UTC;0;1002,8;1003,3;1002,8;;25,3;23,2;25,7;25,2;23,3;23,1;88;86;88;205;1,2;,7;
2025/04/06;0400 UTC;0;1002,4;1002,8;1002,4;;25;23;25,3;25;23,2;23;89;88;89;247;1,5;,2;
2025/04/06;0500 UTC;0;1001,6;1002,4;1001,6;;25;23,1;25,1;24,9;23,1;23;89;89;89;220;1,2;0;
2025/04/06;0600 UTC;0;1001,4;1001,6;1001,4;;24,9;23;25;24,8;23;22,9;89;89;89;68;2;,2;
2025/04/06;0700 UTC;0;1001,3;1001,4;1001,1;;24,8;22,9;25;24,8;23,1;22,9;89;89;89;356;1,7;,2;
2025/04/06;0800 UTC;0;1001,2;1001,3;1001,1;;24,6;22,8;24,7;24,5;22,9;22,7;90;89;89;40;2,5;1,6;
2025/04/06;0900 UTC;0;1001,6;1001,6;1001,2;;24,7;22,6;24,7;24,6;22,8;22,6;90;88;88;36;2,7;1,3;
2025/04/06;1000 UTC;0;1001,7;1001,7;1001,3;;24,7;22,7;24,7;24,5;22,8;22,5;89;88;89;150;2,5;,4;
2025/04/06;1100 UTC;0;1002,7;1002,7;1001,7;;26,4;23,1;26,4;24,7;23,6;22,7;89;82;82;57;2,8;1;
2025/04/06;1200 UTC;0;1003,8;1003,8;1002,7;;27,1;23;27,1;26,2;23,1;22,6;82;78;78;31;3,9;1,8;
2025/04/06;1300 UTC;0;1004;1004,1;1003,8;;29,2;23,4;29,2;27,1;23,6;22,1;78;70;71;47;3,6;1,5;
2025/04/06;1400 UTC;0;1003,7;1004;1003,7;;30,4;22,7;30,8;28,3;23,4;22,2;72;62;63;40;4,8;2,1;
2025/04/06;1500 UTC;0;1003;1003,8;1003;;30,2;22,1;31,3;29,6;23,7;21,5;66;60;62;76;5,3;2,1;
2025/04/06;1600 UTC;0;1001,2;1003;1001,2;;31,9;22,4;32;30,1;23;20,8;63;55;57;62;5,2;1,8;
2025/04/06;1700 UTC;0;999,5;1001,2;999,5;;32,4;21,5;32,5;30,9;22,7;21,2;58;52;53;29;5,2;1,4;
2025/04/06;1800 UTC;0;998,2;999,5;998,2;;32,5;21,1;32,9;31,8;22,9;20,9;56;51;51;92;5,6;3;
2025/04/06;1900 UTC;0;997,7;998,2;997,6;;32,3;21,6;32,8;32;22,4;20,7;55;50;53;69;5,4;1,8;
2025/04/06;2000 UTC;0;997,7;997,7;997,4;;31,8;21,1;32,6;31,7;22,2;20,8;55;51;53;103;3,9;2,2;
2025/04/06;2100 UTC;0;998,5;998,5;997,6;;31,1;21,7;31,9;31,1;21,8;20,7;58;52;57;75;3,8;1,4;
2025/04/06;2200 UTC;0;999,1;999,1;998,4;;29,3;22,8;31,1;29,2;23,2;21,7;69;58;68;282;2,1;0;
2025/04/06;2300 UTC;0;1000;1000;999,1;;28,1;23,2;29,3;28,1;23,5;22,8;76;68;75;56;,4;0;
2025/04/07;0000 UTC;0;1000,7;1000,7;1000;;26,8;23,5;28,1;26,8;23,6;23,2;82;75;82;239;2,8;,7;
2025/04/07;0100 UTC;0;1001,4;1001,5;1000,7;;27,2;23,1;27,2;26,8;23,5;23,1;82;79;79;5;3,8;1,3;
2025/04/07;0200 UTC;0;1002;1002,2;1001,4;;25,8;22,9;27,2;25,8;23,1;22,8;84;78;84;23;4,1;1,8;
2025/04/07;0300 UTC;13,8;1002,4;1003,4;1002;;23,2;21,5;25,8;23,2;23;21,4;90;84;90;324;10,3;2,2;
2025/04/07;0400 UTC;3,2;1003,2;1003,2;1002,4;;23,1;21,4;23,2;23;21,5;21,3;90;90;90;246;5;,7;
2025/04/07;0500 UTC;3,8;1002,1;1003,3;1002;;23;21,3;23,1;22,9;21,4;21,2;90;90;90;204;2,9;,6;
2025/04/07;0600 UTC;6,4;1001,6;1002,3;1001,6;;23;21,3;23,1;22,9;21,5;21,3;91;90;91;303;1,9;,1;
2025/04/07;0700 UTC;2,4;1000,5;1001,6;1000,5;;22,9;21,3;23;22,9;21,4;21,3;91;90;91;262;2,5;1,1;
2025/04/07;0800 UTC;,6;1000,7;1000,9;1000,4;;22,8;21,2;23;22,8;21,4;21,2;91;91;91;278;2,3;,2;
2025/04/07;0900 UTC;0;1001,1;1001,1;1000,7;;22,9;21,3;23;22,8;21,4;21,2;91;91;91;24;2,1;,1;
2025/04/07;1000 UTC;0;1001,6;1001,6;1001,1;;23;21,4;23;22,9;21,4;21,3;91;91;91;90;1,7;,2;
2025/04/07;1100 UTC;0;1002,7;1002,7;1001,6;;23,4;21,8;23,4;23;21,8;21,4;91;91;91;74;2,2;1,3;
2025/04/07;1200 UTC;,4;1002,8;1003;1002,7;;23,7;22,1;23,8;23,3;22,2;21,7;91;91;91;69;2,9;1;
2025/04/07;1300 UTC;0;1003;1003,1;1002,8;;24,1;22,3;24,3;23,7;22,6;22;91;89;90;336;3,5;1,3;
2025/04/07;1400 UTC;,2;1002,7;1003;1002,7;;25;22,8;25;24,1;22,8;22,2;90;88;88;31;3,5;1;
2025/04/07;1500 UTC;0;1002,8;1002,9;1002,6;;25,6;22,3;25,7;24,8;22,9;22;88;82;82;103;2,9;,7;
2025/04/07;1600 UTC;0;1001,7;1002,8;1001,7;;26,6;22,1;27,1;25,6;23;21,9;83;75;77;258;2,3;1;
2025/04/07;1700 UTC;0;1000,6;1001,7;1000,6;;26,8;22;27,2;26,4;22,9;21,7;79;75;75;234;2,3;0;
2025/04/07;1800 UTC;0;1000,1;1000,6;1000,1;;27;21,7;28;26,2;22,8;21,5;77;71;73;71;2,6;,2;
2025/04/07;1900 UTC;0;999,5;1000,1;999,5;;27,1;21,9;27,6;26,8;22,6;21,6;75;71;73;64;3;1,3;
2025/04/07;2000 UTC;0;999,5;999,6;999,4;;26,9;22,4;27,3;26,9;22,5;21,9;77;73;77;35;2,5;1,4;
2025/04/07;2100 UTC;0;999,8;999,8;999,5;;26,2;22,5;26,9;26,2;22,5;22,2;80;76;80;33;3,1;1,1;
2025/04/07;2200 UTC;0;1000,4;1000,4;999,8;;25,5;22,5;26,2;25,5;22,5;22,4;84;80;84;37;3,4;1,1;
2025/04/07;2300 UTC;0;1001,7;1001,7;1000,4;;25,1;22,4;25,5;25,1;22,5;22,4;85;84;85;49;2,6;,2;
2025/04/08;0000 UTC;0;1002;1002,2;1001,7;;25,1;22,5;25,2;25;22,7;22,4;86;85;85;20;1,8;,7;
2025/04/08;0100 UTC;0;1002,7;1002,8;1002;;24,9;22,4;25,1;24,9;22,5;22,4;86;85;86;12;2,6;,1;
2025/04/08;0200 UTC;0;1003,2;1003,3;1002,7;;24,4;22,3;24,9;24,4;22,5;22,2;88;86;88;276;1,8;0;
2025/04/08;0300 UTC;0;1002;1003,2;1002;;23,9;22;24,5;23,9;22,4;22;89;88;89;269;0;0;
2025/04/08;0400 UTC;0;1000,7;1002;1000,7;;23,6;21,8;23,9;23,6;22;21,8;90;89;90;231;0;0;
2025/04/08;0500 UTC;0;999,1;1000,7;999,1;;23,5;21,8;23,6;23,5;21,9;21,7;90;90;90;225;2,6;1,5;
2025/04/08;0600 UTC;0;998,8;999,1;998,7;;23,6;21,9;23,6;23,5;21,9;21,8;91;90;90;210;4,1;,8;
2025/04/08;0700 UTC;0;999;999;998,7;;23,6;21,9;23,6;23,5;21,9;21,8;90;90;90;84;1,9;0;
2025/04/08;0800 UTC;0;1000,3;1000,3;999;;23,7;22;23,7;23,6;22,1;21,9;90;90;90;61;2,4;,9;
2025/04/08;0900 UTC;0;1001,4;1001,4;1000,3;;23,6;22;23,7;23,6;22,1;21,9;90;90;90;324;2,4;0;
2025/04/08;1000 UTC;0;1002,3;1002,3;1001,4;;23,9;22,2;23,9;23,6;22,2;22;90;90;90;307;2,2;,9;
2025/04/08;1100 UTC;0;1003,4;1003,4;1002,3;;24,4;22,3;24,5;23,8;22,6;22,2;90;88;88;314;2,9;1,5;
2025/04/08;1200 UTC;0;1004,2;1004,2;1003,4;;25,1;22,3;25,4;24,4;22,7;22,3;89;84;84;321;3,8;1,1;
2025/04/08;1300 UTC;0;1004,6;1004,7;1004,2;;26,8;22,6;26,8;24,9;22,9;22,1;85;78;78;309;3,3;,9;
2025/04/08;1400 UTC;0;1004,3;1004,7;1004,3;;28,7;23;28,7;26,8;23;21,6;78;70;72;232;2,5;,5;
2025/04/08;1500 UTC;0;1003,5;1004,3;1003,5;;29,1;22;30,4;28;23,6;21,2;72;62;66;54;4;1,8;
2025/04/08;1600 UTC;0;1002,2;1003,5;1002,2;;30,2;21,8;31;28,5;22,7;21,5;68;60;61;56;5,3;2;
2025/04/08;1700 UTC;0;1000,7;1002,2;1000,7;;31,4;22,9;31,5;29,9;23,2;21,4;63;58;61;42;5,3;1,2;
2025/04/08;1800 UTC;0;999,4;1000,7;999,4;;31;20,9;32,3;30,7;23,5;20,8;61;52;55;223;3,5;1;
2025/04/08;1900 UTC;0;998,7;999,4;998,7;;32,7;21,5;33,6;30,7;22,9;21,1;60;51;52;327;2,7;,5;
2025/04/08;2000 UTC;0;998,4;998,7;998,4;;32,5;22,1;32,7;30,9;22,8;21,1;61;51;54;318;2,5;,7;
2025/04/08;2100 UTC;0;999,2;999,2;998,3;;29,2;22,6;32,5;29,2;22,7;21,2;68;53;67;87;4,4;2;
2025/04/08;2200 UTC;0;1000,2;1000,2;999,2;;27,3;23;29,2;27,3;23;22,5;78;67;78;95;3,7;1,5;
2025/04/08;2300 UTC;0;1001,2;1001,2;1000,2;;26,5;23;27,3;26,5;23,1;23;81;78;81;63;2,5;,5;
2025/04/09;0000 UTC;0;1002,3;1002,3;1001,2;;26,3;23,2;26,5;26,3;23,3;23;83;81;83;338;1,4;0;
2025/04/09;0100 UTC;1,2;1003,3;1003,3;1002,3;;24,1;21,7;26,4;24,1;23,3;21,5;86;76;86;39;10,7;2,2;
2025/04/09;0200 UTC;1,6;1003,5;1003,7;1003,3;;23,7;21,7;24,1;23,7;21,8;21,6;89;86;89;36;4,1;1,3;
2025/04/09;0300 UTC;,8;1003;1003,6;1003;;23,7;21,9;23,7;23,6;21,9;21,7;89;89;89;266;3;0;
2025/04/09;0400 UTC;,2;1002;1003;1002;;23,6;21,8;23,8;23,6;21,9;21,8;90;89;90;278;0;0;
2025/04/09;0500 UTC;0;1001,7;1002,1;1001,7;;23,5;21,8;23,6;23,4;21,9;21,7;90;90;90;216;1,3;,2;
2025/04/09;0600 UTC;0;1001,1;1001,7;1001,1;;23,3;21,7;23,7;23,3;22;21,7;90;90;90;128;1,4;0;
2025/04/09;0700 UTC;0;1000,9;1001,1;1000,9;;23,2;21,6;23,4;23,1;21,8;21,5;91;90;91;232;2,1;,6;
2025/04/09;0800 UTC;0;1001,3;1001,3;1000,8;;23,3;21,8;23,3;23,1;21,8;21,5;91;91;91;191;1,8;0;
2025/04/09;0900 UTC;0;1002;1002;1001,3;;23,1;21,6;23,3;23;21,7;21,5;91;91;91;188;0;0;
2025/04/09;1000 UTC;0;1002,8;1002,8;1002;;23,3;21,8;23,3;23,1;21,8;21,5;91;91;91;170;0;0;
2025/04/09;1100 UTC;0;1003,5;1003,5;1002,8;;24,6;23;24,6;23,3;23;21,7;91;91;91;96;0;0;
2025/04/09;1200 UTC;0;1004,3;1004,3;1003,5;;27,3;23,6;27,4;24,6;24,3;22,9;91;80;81;30;2,7;,6;
2025/04/09;1300 UTC;0;1004,8;1004,8;1004,3;;28,4;23;29,1;27;24;22,5;81;70;73;21;3,5;1,9;
2025/04/09;1400 UTC;0;1004,5;1004,9;1004,5;;29,6;22,7;29,8;28,4;23,6;22,1;73;66;66;60;5,1;2,2;
2025/04/09;1500 UTC;0;1003,8;1004,5;1003,8;;30,3;23,1;30,3;29,3;23,7;22,4;69;64;65;35;5,1;1,4;
2025/04/09;1600 UTC;,2;1002,9;1003,8;1002,9;;29,3;23,4;31,2;29,3;24,6;22,6;73;63;71;64;4,7;2,2;
2025/04/09;1700 UTC;0;1001,1;1002,9;1001,1;;30,7;22,8;31,5;29,2;24,9;22,5;73;62;63;29;4;,6;
2025/04/09;1800 UTC;0;999,5;1001,1;999,5;;32,7;23,4;33;30,7;24,2;22,6;67;56;58;170;3;1,4;
2025/04/09;1900 UTC;0;998,7;999,5;998,7;;32;22,4;33,3;32;23,7;21,7;59;54;57;95;2,9;1,5;
2025/04/09;2000 UTC;0;998,7;998,8;998,4;;31,2;22,2;32,2;31,2;22,8;21,8;59;55;59;94;3,6;1,9;
2025/04/09;2100 UTC;0;999,4;999,4;998,6;;30;23,1;31,6;30;23,4;22,1;67;58;67;64;3,8;2,2;
2025/04/09;2200 UTC;0;1000,4;1000,4;999,4;;28,9;23;30;28,9;23,2;22,9;71;66;70;61;3,8;,3;
2025/04/09;2300 UTC;0;1001,6;1001,7;1000,4;;28,1;23,2;28,9;28;23,6;22,9;76;70;75;52;2,7;1,4;
2025/04/10;0000 UTC;0;1002,5;1002,5;1001,6;;27;23,4;28,1;27;23,4;23;81;75;81;63;2,5;0;
2025/04/10;0100 UTC;0;1003,2;1003,2;1002,5;;27,1;23,2;27,1;27;23,5;23,2;81;79;79;34;2,2;1,1;
2025/04/10;0200 UTC;0;1004,4;1004,4;1003,2;;25;21,5;27,2;25;23,3;21,5;81;77;81;30;9,4;3,9;
2025/04/10;0300 UTC;0;1003,9;1004,6;1003,9;;24,3;21,6;25;24,3;21,6;21,2;85;81;85;26;8,8;1,4;
2025/04/10;0400 UTC;0;1002,8;1003,9;1002,7;;24;21,8;24,3;24;21,9;21,6;87;85;87;288;3,4;0;
2025/04/10;0500 UTC;0;1002,5;1002,8;1002,4;;24,1;22,1;24,2;24;22,1;21,8;88;87;88;86;2;1,2;
2025/04/10;0600 UTC;0;1001,8;1002,5;1001,8;;24,3;22,3;24,3;24,1;22,3;22,1;89;88;88;45;2;,2;
2025/04/10;0700 UTC;0;1001,9;1001,9;1001,7;;24,4;22,2;24,4;24,3;22,3;22,2;88;87;87;26;2,5;1,2;
2025/04/10;0800 UTC;0;1001,6;1001,9;1001,6;;24,3;21,9;24,5;24,3;22,2;21,9;88;86;86;33;3,1;1,1;
2025/04/10;0900 UTC;0;1001,6;1001,6;1001,6;;24,1;21,9;24,3;24;21,9;21,8;88;86;88;313;2,6;0;
2025/04/10;1000 UTC;0;1002,3;1002,3;1001,6;;24,2;22,2;24,2;24;22,2;21,9;89;88;88;290;0;0;
2025/04/10;1100 UTC;0;1002,9;1002,9;1002,3;;24,9;22,3;24,9;24,2;22,3;22,1;89;85;85;29;2,4;,5;
2025/04/10;1200 UTC;0;1003,7;1003,7;1002,9;;25,2;22,3;25,2;24,8;22,4;22,1;85;84;84;35;4,7;2,1;
2025/04/10;1300 UTC;0;1003,8;1003,8;1003,7;;26,6;22,4;27,1;25,2;23;22,2;84;77;78;37;4,2;1,8;
2025/04/10;1400 UTC;0;1003,9;1004;1003,8;;27,1;22,2;27,9;26,5;23,1;21,9;78;72;74;60;4,2;2,1;
2025/04/10;1500 UTC;0;1003,4;1003,9;1003,4;;28,5;22,8;28,5;27;23,2;22,1;76;71;71;50;3,3;1,3;
2025/04/10;1600 UTC;0;1002,6;1003,4;1002,5;;29,3;22,9;29,6;27,4;23,6;22,3;77;68;69;60;5,3;2,6;
2025/04/10;1700 UTC;0;1001,2;1002,6;1001,2;;31,1;23;31,1;29,2;23,5;22;70;61;62;61;4,5;,8;
2025/04/10;1800 UTC;0;999,7;1001,2;999,7;;30,9;23,8;31,4;29,6;23,8;22,1;67;61;66;122;3,4;1,6;
2025/04/10;1900 UTC;0;998,4;999,7;998,4;;30,9;22,3;31,9;30,7;24,5;21,6;67;57;60;185;4,9;1;
2025/04/10;2000 UTC;0;997,9;998,4;997,9;;29,9;23,4;31,2;28,9;23,5;22,2;70;60;68;181;3,4;1,3;
2025/04/10;2100 UTC;0;998,3;998,4;997,7;;28,6;23,2;30,5;28,6;23,4;22,3;73;63;73;66;5,1;2,5;
2025/04/10;2200 UTC;0;999;999;998,2;;26,6;23,2;28,6;26,6;23,5;23,2;81;73;81;315;5,1;,9;
2025/04/10;2300 UTC;0;999,7;999,7;998,9;;26,4;23,5;26,7;26,4;23,6;23,1;84;81;84;314;2;0;
2025/04/11;0000 UTC;0;1000,7;1000,7;999,7;;26;23,4;26,4;26;23,5;23,1;85;84;85;350;0;0;
2025/04/11;0100 UTC;0;1001,1;1001,1;1000,7;;25,5;23,3;26;25,5;23,5;23,3;88;85;88;12;2,4;1,2;
2025/04/11;0200 UTC;0;1001,3;1001,5;1001,1;;25,2;23,1;25,5;25,2;23,3;23,1;88;88;88;290;2,9;,5;
2025/04/11;0300 UTC;0;1000,8;1001,3;1000,8;;25;23;25,2;24,9;23,1;22,9;89;88;89;89;1,6;0;
2025/04/11;0400 UTC;0;1000,6;1000,9;1000,6;;24,8;23;25;24,7;23,1;22,8;90;89;90;276;0;0;
2025/04/11;0500 UTC;0;999,9;1000,6;999,9;;24,7;22,9;24,8;24,6;23;22,8;90;90;90;28;2,3;,8;
2025/04/11;0600 UTC;0;999,5;999,9;999,4;;24,7;22,7;24,7;24,5;22,9;22,7;90;89;89;33;3,3;1,7;
2025/04/11;0700 UTC;0;999,4;999,7;999,4;;24,7;22,5;24,8;24,6;22,7;22,5;89;88;88;14;4;1,1;
2025/04/11;0800 UTC;0;999,4;999,5;999,3;;24,7;22,5;24,8;24,6;22,6;22,5;88;88;88;316;3,5;,5;
2025/04/11;0900 UTC;0;1000,1;1000,1;999,4;;24,9;22,7;24,9;24,6;22,7;22,5;88;87;87;40;3,1;1,1;
2025/04/11;1000 UTC;0;1000,9;1000,9;1000,1;;24,9;22,8;25;24,9;22,8;22,6;88;87;88;15;2,4;,3;
2025/04/11;1100 UTC;0;1001,8;1001,8;1000,9;;25,2;22,9;25,2;24,9;22,9;22,8;88;87;87;24;3,4;1,4;
2025/04/11;1200 UTC;0;1002,5;1002,5;1001,8;;25,2;22,9;25,2;24,9;22,9;22,6;88;87;87;35;4,1;1,3;
2025/04/11;1300 UTC;0;1003,4;1003,4;1002,5;;26;22,7;26,1;25,1;23,1;22,7;87;82;82;23;3,6;1,6;
2025/04/11;1400 UTC;0;1003,2;1003,4;1003,1;;27,7;22,9;27,8;26;23,6;22,7;83;75;76;38;4,2;1;
2025/04/11;1500 UTC;0;1002,4;1003,2;1002,4;;30;23,5;30;27,3;24;22,5;77;68;68;24;4,2;1,9;
2025/04/11;1600 UTC;0;1000,8;1002,4;1000,8;;28,8;23,3;30,1;28,7;23,7;22,5;72;66;72;323;5,1;1,3;
2025/04/11;1700 UTC;0;999,3;1000,8;999,3;;30,3;23,2;30,4;28,7;23,6;22,7;73;65;66;282;3,5;1,6;
2025/04/11;1800 UTC;0;998,1;999,3;998,1;;28,9;24;30,5;28,8;24,2;22,7;75;65;75;239;5,5;3,2;
2025/04/11;1900 UTC;,6;997,3;998,1;997,2;;27,9;23,5;30,1;26,9;24,4;22,2;80;70;77;271;7,2;1,9;
2025/04/11;2000 UTC;0;997,4;997,7;997,2;;28,5;23,1;29,3;27,9;24;22,6;78;69;73;24;4,1;2,1;
2025/04/11;2100 UTC;0;998,1;998,1;997,3;;27,5;23,5;28,6;27,3;23,6;22,5;79;72;79;348;4,1;,9;
2025/04/11;2200 UTC;0;999,1;999,1;998;;27;23,8;27,5;27;23,8;23,5;83;79;83;303;2;0;
2025/04/11;2300 UTC;0;1000,6;1000,6;999,1;;26,3;23,8;27;26,3;23,8;23,6;86;83;86;89;2;,6;
2025/04/12;0000 UTC;0;1001,4;1001,4;1000,5;;26,1;23,9;26,3;26,1;23,9;23,8;87;86;87;97;2,4;,9;
2025/04/12;0100 UTC;,4;1002,3;1002,3;1001,4;;24,1;21,1;26,1;24,1;23,9;21;88;82;83;52;10,4;4,1;
2025/04/12;0200 UTC;0;1003,1;1003,1;1002,3;;24;21,2;24,1;24;21,2;21,1;84;83;84;93;7,3;1,6;
2025/04/12;0300 UTC;0;1003,2;1003,4;1003;;23,7;21,2;24;23,7;21,4;21,1;86;84;86;292;2,7;,9;
2025/04/12;0400 UTC;0;1001,9;1003,2;1001,9;;23,4;21,3;23,7;23,4;21,3;21,2;88;86;88;243;1,8;,2;
2025/04/12;0500 UTC;0;1001,2;1001,9;1001,2;;23,3;21,3;23,5;23,2;21,4;21,2;89;88;89;213;2,1;,4;
2025/04/12;0600 UTC;0;1000,5;1001,2;1000,5;;23,1;21,3;23,3;23,1;21,4;21,3;90;89;90;330;1,3;0;
2025/04/12;0700 UTC;0;1000,8;1000,9;1000,5;;23,2;21,4;23,3;23;21,5;21,2;90;89;89;124;1,6;,7;
2025/04/12;0800 UTC;0;1000,6;1000,9;1000,6;;23,1;21,3;23,3;23,1;21,5;21,3;90;89;90;203;1,6;0;
2025/04/12;0900 UTC;0;1000,6;1000,6;1000,4;;23,1;21,3;23,1;23,1;21,4;21,3;90;90;90;219;0;0;
2025/04/12;1000 UTC;0;1001;1001;1000,6;;23,2;21,5;23,2;23;21,5;21,3;90;90;90;231;0;0;
2025/04/12;1100 UTC;0;1002;1002;1001;;23,9;22,1;24,2;23,2;22,4;21,5;90;89;89;182;2,2;,8;
2025/04/12;1200 UTC;0;1002,7;1002,7;1002;;26,2;23;26,2;23,9;23,4;22,1;90;83;83;126;2,9;1;
2025/04/12;1300 UTC;0;1003,2;1003,2;1002,7;;27,1;22,1;27,6;25,7;23,1;22;83;73;74;84;5,3;3,2;
2025/04/12;1400 UTC;0;1003;1003,2;1003;;27,9;22,4;28,8;27,1;23,2;21,8;76;68;72;82;5,3;2,3;
2025/04/12;1500 UTC;0;1002;1003;1002;;29,8;22,2;31;27,9;23,6;21,7;73;60;64;62;6;3,2;
2025/04/12;1600 UTC;0;1000,6;1002;1000,6;;29,6;23,8;30,6;27,1;24,7;22;81;63;71;58;6,9;1,7;
2025/04/12;1700 UTC;0;999,1;1000,6;999,1;;31,4;23;31,4;29,3;23,9;22,5;70;60;61;58;5,1;2,2;
2025/04/12;1800 UTC;0;997,8;999,1;997,8;;31,2;22,1;32,6;29,7;24,1;22;69;57;59;112;5,3;1,7;
2025/04/12;1900 UTC;0;997;997,8;996,9;;30,1;22,5;32,4;29,8;23,7;22;66;57;64;55;5,8;2,5;
2025/04/12;2000 UTC;,2;997,3;997,4;997;;28,6;23,1;30,2;27,8;24,1;22,2;79;63;72;88;7,5;,9;
2025/04/12;2100 UTC;0;997,9;997,9;997,2;;28,2;23,6;28,7;28,2;23,8;23;77;72;76;113;2,7;,6;
2025/04/12;2200 UTC;0;999,1;999,1;997,9;;27,4;23,5;28,2;27,3;23,9;23,5;80;76;80;334;1,7;,2;
2025/04/12;2300 UTC;0;1000;1000;999,1;;26,8;23,3;27,4;26,8;23,5;23,2;82;78;81;336;1,8;1,2;
2025/04/13;0000 UTC;0;1001,3;1001,3;1000;;26;23,5;26,9;26;23,5;23,2;86;81;86;96;1,7;,2;
2025/04/13;0100 UTC;0;1001,7;1002;1001,3;;25,8;23,6;26;25,7;23,6;23,4;88;86;88;232;,9;0;
2025/04/13;0200 UTC;0;1002,1;1002,2;1001,7;;25,4;23,1;25,8;25,4;23,6;23,1;88;87;87;82;5,9;,9;
2025/04/13;0300 UTC;,2;1002,4;1002,5;1002,1;;24,6;22,3;25,4;24,6;23,2;22,3;88;87;87;10;3,3;,9;
2025/04/13;0400 UTC;,4;1002,1;1002,5;1002;;24,4;22,3;24,6;24,4;22,4;22,2;88;87;88;304;2,8;,2;
2025/04/13;0500 UTC;0;1001,1;1002,1;1001,1;;24,2;22,2;24,4;24,2;22,4;22,2;89;88;89;293;1,8;,6;
2025/04/13;0600 UTC;0;1000,9;1001,2;1000,9;;24,1;22,2;24,2;24,1;22,3;22,2;89;89;89;227;1,7;,6;
2025/04/13;0700 UTC;0;1000,4;1000,9;1000,4;;23,9;22,1;24,1;23,9;22,2;22,1;90;89;90;349;1,6;0;
2025/04/13;0800 UTC;0;1000,8;1000,8;1000,4;;24,1;22,3;24,1;23,9;22,3;22,1;90;90;90;109;0;0;
2025/04/13;0900 UTC;0;1001;1001,1;1000,7;;24,2;22,5;24,2;24;22,5;22,3;90;90;90;178;0;0;
2025/04/13;1000 UTC;0;1001,9;1001,9;1001;;24,3;22,6;24,3;24,1;22,6;22,4;90;90;90;153;0;0;
2025/04/13;1100 UTC;0;1002,9;1002,9;1001,9;;24,8;23;24,8;24,2;23,1;22,5;90;90;90;66;1;0;
2025/04/13;1200 UTC;,2;1003,5;1003,5;1002,9;;26,3;23,6;26,5;24,8;24,2;23;90;85;85;65;2,9;1,3;
2025/04/13;1300 UTC;0;1003,7;1003,8;1003,5;;27,1;23,3;27,2;26,3;23,8;22,8;85;79;80;69;4;2,3;
2025/04/13;1400 UTC;0;1003,6;1003,9;1003,6;;29,6;23,5;29,7;27,2;23,8;22,7;80;68;70;50;5,9;1,7;
2025/04/13;1500 UTC;0;1002,6;1003,6;1002,6;;29,8;23,3;30,3;28,8;24;22,4;71;66;68;36;5,1;2;
2025/04/13;1600 UTC;0;1001,7;1002,6;1001,7;;27,6;22,9;29,9;27,5;23,7;22,5;76;66;76;145;4,8;2;
2025/04/13;1700 UTC;,2;1000,2;1001,7;1000,2;;26,6;23,9;27,6;25,9;24,2;22,8;87;76;85;208;3,7;1,4;
2025/04/13;1800 UTC;0;999,1;1000,2;999,1;;27,8;23,8;27,9;26,6;24,2;23,5;86;79;79;256;3,4;1,2;
2025/04/13;1900 UTC;0;998,8;999,1;998,7;;27,3;23,4;28,5;27,3;24;22,5;79;72;79;250;2,7;,5;
2025/04/13;2000 UTC;0;999,1;999,1;998,8;;26,8;23,7;27,5;26,7;23,9;23,4;84;79;84;83;2,7;1,5;
2025/04/13;2100 UTC;0;999,7;999,7;999,1;;26,5;23,8;26,8;26,5;24;23,6;85;83;85;181;2,2;,4;
2025/04/13;2200 UTC;1,6;1000,2;1000,5;999,7;;25,8;23,6;26,5;25,8;23,8;23,5;88;85;88;242;2,5;,9;
2025/04/13;2300 UTC;0;1000,6;1000,7;1000,2;;25,7;23,8;25,9;25,7;23,8;23,6;89;88;89;216;2,2;0;
2025/04/14;0000 UTC;0;1002,1;1002,1;1000,6;;25,5;23,8;25,7;25,4;23,8;23,6;90;89;90;44;0;0;
2025/04/14;0100 UTC;,2;1003;1003;1002,1;;25,1;23,2;25,6;25,1;23,8;23,2;90;89;89;21;3,9;1,3;
2025/04/14;0200 UTC;2,6;1003,8;1003,9;1003;;24;22,1;25,1;23,9;23,2;22;89;89;89;65;4;1,2;
2025/04/14;0300 UTC;,2;1003,1;1003,9;1003,1;;23,9;22,1;24;23,9;22,2;22;90;89;90;266;2,6;0;
2025/04/14;0400 UTC;0;1002,5;1003,3;1002,5;;23,8;22,1;24;23,8;22,3;22,1;90;90;90;26;3;1,1;
2025/04/14;0500 UTC;0;1001,4;1002,5;1001,4;;23,8;22,1;23,9;23,7;22,2;22;90;90;90;252;2,4;0;
2025/04/14;0600 UTC;0;1000,8;1001,4;1000,8;;23,8;22,1;23,9;23,7;22,2;22;90;90;90;170;,9;,1;
2025/04/14;0700 UTC;0;1000,9;1000,9;1000,8;;23,7;22;23,8;23,7;22,2;22;91;90;91;60;1,6;0;
2025/04/14;0800 UTC;0;1001,2;1001,2;1000,7;;23,8;22,1;23,8;23,7;22,2;22;91;91;91;59;2,6;,6;
2025/04/14;0900 UTC;0;1001,9;1001,9;1001,2;;23,7;22,1;23,8;23,6;22,2;22;91;91;91;41;2,9;,7;
2025/04/14;1000 UTC;0;1003,1;1003,1;1001,9;;23,9;22,2;23,9;23,7;22,3;22,1;91;91;91;321;1,9;0;
2025/04/14;1100 UTC;0;1004,3;1004,3;1003,1;;24,6;23;24,7;23,8;23;22,2;91;90;91;302;2;,2;
2025/04/14;1200 UTC;0;1004,9;1004,9;1004,3;;25,5;23,1;25,6;24,6;23,6;22,8;91;87;87;50;2;,9;
2025/04/14;1300 UTC;0;1005;1005,1;1004,8;;27,8;23,4;28,2;25,5;24,5;22,6;87;75;77;54;3,8;2,1;
2025/04/14;1400 UTC;0;1004,8;1005,1;1004,8;;29,5;23,4;29,5;27,3;23,9;22,6;78;69;70;28;4,9;2,7;
2025/04/14;1500 UTC;0;1003,8;1004,8;1003,8;;29,7;22,8;31;28,9;24;22,5;70;64;67;40;4,9;1,8;
2025/04/14;1600 UTC;0;1002,2;1003,8;1002,2;;30,6;22,8;31,9;29,3;24,3;21,8;70;59;63;52;5,6;1,9;
2025/04/14;1700 UTC;0;1000,9;1002,2;1000,9;;31,3;22,5;31,8;30,1;23,8;22;66;58;60;355;6,1;1,5;
2025/04/14;1800 UTC;0;999,8;1000,9;999,8;;30,9;22,3;31,9;30,3;23,7;21,8;63;59;60;72;4,1;2,4;
2025/04/14;1900 UTC;0;999,5;999,8;999,3;;30,4;22,2;31,6;30,4;22,8;21,6;62;57;62;59;6,5;2,7;
2025/04/14;2000 UTC;0;999,5;999,6;999,4;;28,8;22,4;30,4;28,5;22,8;21,7;69;62;69;45;7,6;1,3;
2025/04/14;2100 UTC;0;1000,2;1000,2;999,5;;28,5;21,9;29;28,5;22,7;21,5;70;66;68;73;2,1;0;
2025/04/14;2200 UTC;0;1000,7;1000,7;1000,2;;27,1;23,1;28,5;27;23,3;22;79;68;79;319;0;0;
2025/04/14;2300 UTC;0;1001,4;1001,4;1000,7;;26,1;23,1;27,1;26,1;23,4;23;84;78;84;74;0;0;
2025/04/15;0000 UTC;0;1002;1002;1001,4;;25,8;23,3;26,1;25,8;23,5;23,1;86;84;86;357;0;0;
2025/04/15;0100 UTC;0;1003;1003;1002;;25,5;22,9;25,8;25,5;23,3;22,7;86;84;85;340;3;,3;
2025/04/15;0200 UTC;0;1003,6;1003,7;1003;;25,6;22,8;25,7;25,3;23,1;22,8;86;84;84;12;2,9;,4;
2025/04/15;0300 UTC;0;1002,8;1003,6;1002,8;;25,2;22,3;25,6;25,2;22,8;22,3;85;84;84;24;4,8;1,3;
2025/04/15;0400 UTC;0;1001,9;1002,8;1001,9;;24,5;22,1;25,2;24,5;22,3;22,1;87;84;87;346;3,7;0;
2025/04/15;0500 UTC;0;1001,4;1001,9;1001,4;;24,6;22,2;24,6;24,5;22,3;22,1;87;87;87;21;2,5;,6;
2025/04/15;0600 UTC;0;1001,3;1001,5;1001,3;;24,5;22,3;24,6;24,4;22,3;22,2;87;87;87;30;2,5;,8;
2025/04/15;0700 UTC;0;1001,2;1001,3;1001;;24,6;22,5;24,6;24,5;22,5;22,3;88;87;88;33;1,8;,1;
2025/04/15;0800 UTC;0;1001,2;1001,2;1001;;24,6;22,5;24,7;24,6;22,5;22,5;88;88;88;267;1,3;0;
2025/04/15;0900 UTC;0;1001,5;1001,5;1001,2;;24,8;22,7;24,8;24,6;22,7;22,5;88;88;88;344;0;0;
2025/04/15;1000 UTC;0;1002,2;1002,2;1001,4;;24,9;22,7;24,9;24,8;22,8;22,6;88;88;88;37;2,1;0;
2025/04/15;1100 UTC;0;1002,5;1002,5;1002,2;;25,7;23;25,7;24,9;23,2;22,7;88;85;85;43;2,6;1,4;
2025/04/15;1200 UTC;0;1003,2;1003,2;1002,5;;27,2;23,1;27,2;25,6;23,4;22,8;85;79;79;41;4;1,3;
2025/04/15;1300 UTC;0;1003,4;1003,5;1003,2;;28,6;22,5;30;27,2;23,9;22,1;79;67;70;68;5,6;3,2;
2025/04/15;1400 UTC;0;1003,1;1003,4;1003,1;;29,4;22,4;30;28,3;23,7;22,2;72;65;66;84;6,4;3;
2025/04/15;1500 UTC;0;1002,5;1003,1;1002,5;;30,4;22,6;30,7;29,4;23,2;21,8;66;61;63;73;7,1;2,6;
2025/04/15;1600 UTC;0;1001,7;1002,5;1001,6;;31,7;22,9;31,7;30,1;23,3;21,7;64;59;60;93;5,3;1,4;
2025/04/15;1700 UTC;0;1000,7;1001,7;1000,7;;31,4;23;31,7;28,1;24,1;21,9;74;58;61;101;7,1;2,4;
2025/04/15;1800 UTC;0;999,5;1000,7;999,5;;31,8;21,8;32,6;30,9;23,9;21,4;65;54;56;48;5;2,6;
2025/04/15;1900 UTC;0;999;999,5;999;;31,3;21,6;31,7;30,5;22,8;21,5;62;56;56;55;5;2;
2025/04/15;2000 UTC;0;999,5;999,5;998,7;;26,6;21;32,6;26,6;22,3;20;71;51;71;110;13,4;6,9;
2025/04/15;2100 UTC;0;999,3;999,4;998,7;;25,7;21,3;26,6;25,4;21,7;20,8;78;71;77;56;13,4;,6;
2025/04/15;2200 UTC;0;999,8;999,9;999,3;;25,6;21,6;25,7;25,3;21,6;20,9;78;76;78;321;4,9;,2;
2025/04/15;2300 UTC;0;1000,1;1000,1;999,8;;24,7;21,5;25,6;24,7;21,6;21,4;82;78;82;286;1,4;0;
2025/04/16;0000 UTC;0;1000,9;1000,9;1000,1;;24,2;21,3;24,7;24,2;21,6;21,2;84;82;84;332;1,7;0;
2025/04/16;0100 UTC;0;1001,7;1001,8;1000,9;;23,9;21,5;24,3;23,8;21,5;21,3;87;84;87;220;0;0;
2025/04/16;0200 UTC;0;1002,1;1002,1;1001,6;;23,6;21,5;23,9;23,6;21,6;21,4;88;87;88;215;0;0;
2025/04/16;0300 UTC;0;1001,9;1002,1;1001,8;;23,2;21,3;23,6;23,2;21,6;21,3;89;88;89;255;0;0;
2025/04/16;0400 UTC;0;1001,7;1002;1001,7;;23,1;21,3;23,3;23,1;21,4;21,2;90;89;89;279;0;0;
2025/04/16;0500 UTC;0;1001,6;1001,8;1001,6;;23,1;21,3;23,2;23;21,4;21,2;90;89;90;192;0;0;
2025/04/16;0600 UTC;0;1001,1;1001,6;1001;;22,9;21,2;23,1;22,9;21,4;21,2;90;90;90;236;2,5;,4;
2025/04/16;0700 UTC;0;1000,7;1001,1;1000,5;;23;21,3;23;22,8;21,4;21,1;90;90;90;203;1,3;0;
2025/04/16;0800 UTC;0;1001,1;1001,1;1000,6;;23,2;21,5;23,2;22,9;21,5;21,2;90;90;90;45;1,9;,6;
2025/04/16;0900 UTC;1;1001,3;1001,7;1001,1;;23,3;21,5;23,5;23,1;21,8;21,4;90;89;89;58;5,6;1,6;
2025/04/16;1000 UTC;,2;1001,6;1001,7;1001,3;;23,5;21,7;23,5;23,3;21,7;21,4;90;89;90;27;3,3;1,1;
2025/04/16;1100 UTC;0;1002;1002;1001,5;;25,2;22,9;25,3;23,5;23,1;21,7;90;87;87;26;3;,4;
2025/04/16;1200 UTC;0;1002,5;1002,5;1001,9;;27,1;23,1;27,3;25,2;23,6;22,6;87;78;79;43;3,8;1,7;
2025/04/16;1300 UTC;0;1002,3;1002,5;1002,2;;28,6;23,2;28,6;27;23,7;22,7;79;72;73;22;5;2,3;
2025/04/16;1400 UTC;0;1002,1;1002,4;1002,1;;29;23,4;29,2;28,3;23,7;22,7;74;70;72;33;5,5;2,3;
2025/04/16;1500 UTC;0;1001,9;1002,2;1001,8;;29,6;23,1;31,4;28,9;24,5;22,4;73;63;68;343;4,7;1,9;
2025/04/16;1600 UTC;0;1001;1001,9;1001;;32,1;23,2;32,3;29,5;24,6;22,2;71;58;59;53;5,6;2,4;
2025/04/16;1700 UTC;0;1000;1001;999,9;;31,9;21,3;33;31,5;23,6;21;60;51;54;106;5,8;2,7;
2025/04/16;1800 UTC;0;998,9;1000;998,9;;32,1;21,4;33,4;31,4;23,4;21,2;58;52;53;122;5,7;1,3;
2025/04/16;1900 UTC;0;998,3;998,9;998,3;;32,9;21,8;32,9;31,5;22,9;21,2;59;52;52;61;6,1;3,4;
2025/04/16;2000 UTC;0;998,2;998,4;998,1;;30,6;23,3;32,9;30,1;23,5;21,7;66;52;65;114;6,5;1,8;
2025/04/16;2100 UTC;0;998,5;998,7;998,2;;29;22,8;30,7;29;23,7;22,5;70;64;69;36;4,9;1,3;
2025/04/16;2200 UTC;0;998,8;998,9;998,5;;27,9;22,9;29;27,9;23,2;22,6;76;69;75;93;3;1,7;
2025/04/16;2300 UTC;0;999,3;999,3;998,8;;26,8;22,9;27,9;26,8;22,9;22,7;79;74;79;123;3;,4;
2025/04/17;0000 UTC;0;1000,3;1000,3;999,3;;25,8;22,9;26,8;25,8;23,1;22,8;84;79;84;271;1,2;0;
2025/04/17;0100 UTC;0;1001,2;1001,2;1000,3;;25,3;22,6;25,8;25,3;22,9;22,4;85;84;85;283;0;0;
2025/04/17;0200 UTC;0;1001,6;1001,8;1001,2;;24,9;22,5;25,3;24,9;22,7;22,5;87;85;87;197;0;0;
2025/04/17;0300 UTC;0;1001,6;1001,6;1001,4;;24,7;22,4;24,9;24,7;22,7;22,4;88;87;87;171;0;0;
2025/04/17;0400 UTC;0;1001,6;1001,8;1001,4;;24,7;22,6;24,8;24,6;22,7;22,4;89;88;88;73;1,8;,1;
2025/04/17;0500 UTC;0;1001,1;1001,6;1001,1;;24,8;22,7;24,8;24,6;22,8;22,6;89;88;88;234;2,6;0;
2025/04/17;0600 UTC;0;1001,1;1001,3;1001,1;;24,5;22,3;24,8;24,5;22,7;22,3;88;87;87;86;2,5;,4;
2025/04/17;0700 UTC;0;1001,1;1001,1;1000,9;;24,3;22,2;24,6;24,3;22,3;22,1;88;87;88;76;1,3;0;
2025/04/17;0800 UTC;0;1001,3;1001,4;1001,1;;24,4;22,3;24,5;24,2;22,4;22,1;88;88;88;34;1,9;0;
2025/04/17;0900 UTC;0;1001,7;1001,7;1001,3;;24,4;22,2;24,5;24,4;22,4;22,2;88;88;88;85;0;0;
2025/04/17;1000 UTC;0;1002,2;1002,2;1001,7;;24,9;22,9;24,9;24,2;22,9;22,1;89;88;89;352;0;0;
2025/04/17;1100 UTC;0;1002,8;1002,8;1002,2;;26,3;22,7;26,7;24,9;23,5;22,6;89;80;81;38;2,3;1;
2025/04/17;1200 UTC;0;1003,2;1003,2;1002,8;;28,1;22,8;29,2;26,2;24,2;22,5;81;72;73;26;4,8;2,3;
2025/04/17;1300 UTC;0;1003,4;1003,4;1003,2;;28;22,9;28,2;27,7;23,3;22,5;76;73;74;60;4,8;2,1;
2025/04/17;1400 UTC;0;1003,2;1003,5;1003,2;;30,6;23,6;30,6;27,8;24;22,4;75;66;66;77;4,2;1,8;
2025/04/17;1500 UTC;0;1002,4;1003,2;1002,4;;30,8;22,7;31,5;30,1;24,5;22,5;68;62;62;106;5,2;1,7;
2025/04/17;1600 UTC;0;1001,1;1002,4;1001,1;;31,2;22,2;33,3;30,5;24,1;22;65;53;59;101;5,4;2,5;
2025/04/17;1700 UTC;0;999,8;1001,1;999,8;;32,4;21,8;33,3;31,2;23,7;20,9;60;51;53;90;6,5;3;
2025/04/17;1800 UTC;0;999,3;999,8;999,3;;32,5;20,7;33,7;32;22,8;20,7;55;50;50;77;7,3;3,9;
2025/04/17;1900 UTC;0;998,9;999,3;998,8;;32,8;21,2;33,6;32,3;22,5;20,9;54;49;51;112;7,3;2,3;
2025/04/17;2000 UTC;0;998,5;998,9;998,5;;32,5;21,3;33;32,2;21,8;21;54;50;52;112;5,6;2,7;
2025/04/17;2100 UTC;0;998,7;998,7;998,4;;31;21,6;32,5;31;21,7;20,7;57;51;57;86;5,1;1,6;
2025/04/17;2200 UTC;0;999,1;999,1;998,7;;28,9;22;31;28,9;22;21,5;67;57;67;73;2,9;1;
2025/04/17;2300 UTC;0;999,6;999,6;999,1;;27,7;22,5;28,9;27,7;22,5;21,9;73;66;73;72;1,6;0;
2025/04/18;0000 UTC;0;1000,4;1000,4;999,6;;26,8;22,4;27,7;26,8;22,5;22,2;77;73;77;51;0;0;
2025/04/18;0100 UTC;0;1001,1;1001,1;1000,4;;25,8;22,7;26,8;25,8;22,7;22,4;83;77;83;204;0;0;
2025/04/18;0200 UTC;0;1001,4;1001,4;1001;;25,2;22,5;25,8;25,2;22,8;22,5;85;83;85;79;0;0;
2025/04/18;0300 UTC;0;1001,3;1001,4;1001,2;;24,5;22,4;25,2;24,4;22,5;22,2;88;85;88;227;0;0;
2025/04/18;0400 UTC;0;1000,8;1001,3;1000,8;;24;22,1;24,5;24;22,4;22;89;88;89;236;0;0;
2025/04/18;0500 UTC;0;1000,3;1000,8;1000,3;;23,7;21,8;24,1;23,7;22,2;21,8;89;89;89;218;0;0;
2025/04/18;0600 UTC;0;999,9;1000,3;999,8;;23,4;21,6;23,7;23,4;21,8;21,6;90;89;90;243;0;0;
2025/04/18;0700 UTC;0;999,9;999,9;999,7;;23,4;21,7;23,5;23,3;21,7;21,5;90;90;90;266;0;0;
2025/04/18;0800 UTC;0;1000,4;1000,4;999,8;;23,5;21,8;23,5;23,4;21,8;21,6;90;90;90;45;1,9;,4;
2025/04/18;0900 UTC;0;1000,4;1000,5;1000,2;;23,3;21,6;23,6;23,2;21,9;21,5;90;90;90;273;1,6;0;
2025/04/18;1000 UTC;0;1000,9;1000,9;1000,4;;23,4;21,8;23,4;23,1;21,8;21,4;90;90;90;224;0;0;
2025/04/18;1100 UTC;0;1001,9;1001,9;1000,9;;25,2;23,3;25,2;23,4;23,3;21,8;90;89;89;189;0;0;
2025/04/18;1200 UTC;0;1002,2;1002,2;1001,9;;27;23,3;27,1;25,2;23,9;23,1;89;80;80;27;4,9;2,1;
2025/04/18;1300 UTC;0;1002,6;1002,6;1002,2;;28,4;23;28,9;27;24,4;23;80;72;73;21;4,1;1,6;
2025/04/18;1400 UTC;0;1002,7;1002,9;1002,6;;30,5;23,8;30,5;28,2;24,2;22,8;74;66;67;45;4,8;1,8;
2025/04/18;1500 UTC;0;1002,5;1002,8;1002,5;;30,4;22,7;31,6;29,6;24,1;22,4;68;60;64;33;5,6;1,5;
2025/04/18;1600 UTC;0;1001,6;1002,5;1001,6;;32,3;23;32,4;30,4;23,7;22,3;65;57;58;36;5,3;,8;
2025/04/18;1700 UTC;0;1000,3;1001,6;1000,3;;32,7;21,6;33,7;32;23,2;21,1;59;51;52;44;6;2;
2025/04/18;1800 UTC;0;998,9;1000,3;998,9;;33;21,5;34,2;32,4;22,9;20,9;54;49;51;89;5,5;2,8;
2025/04/18;1900 UTC;0;998,2;998,9;998,1;;33,1;21,3;33,4;32,6;21,9;20,9;52;48;50;102;7,1;2,7;
2025/04/18;2000 UTC;0;998;998,2;998;;32,7;21;33,3;32,5;21,4;20,5;52;48;50;90;5,8;2,3;
2025/04/18;2100 UTC;0;998,6;998,6;998;;31,6;21,2;32,7;31,6;21,7;20,7;54;50;54;109;4,6;1,4;
2025/04/18;2200 UTC;0;999,3;999,3;998,6;;29,5;21,9;31,6;29,5;21,9;21,1;64;54;64;86;2,5;,1;
2025/04/18;2300 UTC;0;1000,1;1000,1;999,3;;28;22,3;29,5;28;22,4;21,8;72;64;71;94;1,2;0;
2025/04/19;0000 UTC;0;1000,8;1000,8;1000;;27,2;22,3;28;27,2;22,5;22,2;75;71;74;69;0;0;
2025/04/19;0100 UTC;0;1001,3;1001,3;1000,9;;26,1;22,7;27,3;26,1;22,9;22,1;82;74;82;205;0;0;
2025/04/19;0200 UTC;0;1002;1002,1;1001,3;;26,4;22,2;26,6;26;22,9;22,2;82;78;78;15;6,6;,5;
2025/04/19;0300 UTC;0;1002,1;1002,3;1002;;26,1;21,8;26,5;26,1;22,2;21,7;78;76;77;37;5;1,8;
2025/04/19;0400 UTC;0;1001,9;1002,1;1001,9;;25,3;21,9;26;25,3;21,9;21,7;81;77;81;328;3,4;0;
2025/04/19;0500 UTC;0;1001;1001,9;1001;;25;21,8;25,4;25;22;21,8;83;81;83;55;1,9;,5;
2025/04/19;0600 UTC;0;1000,7;1001;1000,7;;24,2;21,9;25;24,2;22;21,8;87;83;87;220;1,6;0;
2025/04/19;0700 UTC;0;1000,6;1000,8;1000,6;;23,8;21,8;24,3;23,8;22;21,8;88;87;88;204;0;0;
2025/04/19;0800 UTC;0;1000,6;1000,7;1000,4;;23,6;21,7;23,8;23,6;21,9;21,7;89;88;89;33;0;0;
2025/04/19;0900 UTC;0;1001;1001;1000,6;;23,4;21,5;23,7;23,4;21,8;21,5;89;89;89;202;0;0;
2025/04/19;1000 UTC;0;1001,7;1001,7;1001;;23,5;21,7;23,5;23,2;21,7;21,4;90;89;90;229;0;0;
2025/04/19;1100 UTC;0;1002,1;1002,2;1001,7;;25,6;23;25,6;23,5;23,3;21,7;90;86;86;182;0;0;
2025/04/19;1200 UTC;0;1002,6;1002,6;1002,1;;27,5;22,8;28,3;25,6;23,9;22,4;86;73;76;51;5,1;1,9;
2025/04/19;1300 UTC;0;1002,7;1002,7;1002,5;;29;22,8;29,2;27,5;23,7;22,5;77;69;69;37;6,6;2,9;
2025/04/19;1400 UTC;0;1002,3;1002,7;1002,3;;29,6;23;30,5;28,7;24;22,5;71;66;68;37;5;2,2;
2025/04/19;1500 UTC;0;1001,7;1002,3;1001,7;;30,1;22,3;31,2;28,9;24,1;22,3;71;61;63;56;4,5;2,1;
2025/04/19;1600 UTC;0;1000,6;1001,7;1000,6;;32,1;23,1;32,1;29,8;23,6;22,2;66;59;59;18;4,5;,5;
2025/04/19;1700 UTC;0;999,5;1000,6;999,5;;32;21,6;33,3;31,5;23,9;21,4;60;52;54;77;4,2;2,3;
2025/04/19;1800 UTC;0;998,2;999,5;998,2;;33,1;22,1;33,7;31,4;22,9;21,2;58;50;53;152;4,7;1,8;
2025/04/19;1900 UTC;0;997,3;998,2;997,3;;33,9;22,8;34,1;32,5;23,1;21,3;55;49;52;178;4;2,1;
2025/04/19;2000 UTC;0;997,2;997,4;997,1;;32,8;21,7;33,9;32,6;22,7;20,9;53;48;52;138;4;1,7;
2025/04/19;2100 UTC;0;997,7;997,8;997,2;;30,6;22,4;33,3;30,6;22,6;21,4;62;51;62;152;3,5;1,1;
2025/04/19;2200 UTC;0;997,4;997,7;997,4;;28,9;22,5;30,5;28,9;22,8;22,3;69;62;68;9;2,4;0;
2025/04/19;2300 UTC;0;998,8;998,8;997,4;;28;22,9;28,9;28;23,2;22,5;74;68;74;48;3,7;1,2;
2025/04/20;0000 UTC;0;1000;1000;998,8;;27,2;22,3;27,9;27,2;23;22,3;77;74;75;28;4;1,6;
2025/04/20;0100 UTC;0;1000,7;1000,7;1000,1;;26,7;22,1;27,2;26,5;22,3;22;78;74;76;360;3,2;,8;
2025/04/20;0200 UTC;0;1001,3;1001,4;1000,7;;26,1;21,9;26,7;26,1;22,1;21,9;79;76;78;31;2,6;1;
2025/04/20;0300 UTC;0;1001,2;1001,3;1001,1;;25,4;21,9;26,1;25,4;22;21,8;81;78;81;41;2,7;0;
2025/04/20;0400 UTC;0;1000,6;1001,4;1000,6;;24,8;22,1;25,4;24,7;22,1;21,9;85;81;85;318;0;0;
2025/04/20;0500 UTC;0;1000,4;1000,6;1000,3;;24,7;21,9;24,9;24,5;22,2;21,8;86;85;85;26;0;0;
2025/04/20;0600 UTC;0;1000,1;1000,5;1000,1;;24,3;21,9;24,7;24,2;22;21,8;87;85;86;1;0;0;
2025/04/20;0700 UTC;0;999,7;1000,1;999,7;;23,9;21,6;24,3;23,9;21,9;21,5;87;86;87;315;0;0;
2025/04/20;0800 UTC;0;999,8;999,8;999,6;;23,7;21,6;24;23,7;21,8;21,6;88;87;88;259;0;0;
2025/04/20;0900 UTC;0;1000,2;1000,2;999,8;;23,6;21,6;23,8;23,5;21,7;21,5;89;88;89;254;0;0;
2025/04/20;1000 UTC;0;1001;1001;1000,2;;24;22,1;24;23,5;22,1;21,5;89;89;89;200;0;0;
2025/04/20;1100 UTC;0;1001,5;1001,5;1001;;26,4;23,4;26,5;24;23,7;22;89;83;83;253;0;0;
2025/04/20;1200 UTC;0;1001,8;1001,8;1001,4;;27,7;22,9;28;26,4;23,6;22,3;84;74;75;1;4,2;,7;
2025/04/20;1300 UTC;0;1001,8;1001,9;1001,8;;29,6;22,8;29,9;27,8;24,1;22,4;76;66;67;42;5;2,6;
2025/04/20;1400 UTC;0;1001,5;1001,9;1001,5;;31;23;31,2;29;23,7;22;68;62;63;33;5;2;
2025/04/20;1500 UTC;0;1000,6;1001,5;1000,6;;31,4;23,3;31,9;29,8;23,7;21,9;65;59;62;32;4,8;2;
2025/04/20;1600 UTC;0;999,2;1000,6;999,2;;32;22,5;33,4;30,7;23,3;21,9;63;54;57;63;6;2,6;
2025/04/20;1700 UTC;0;997,7;999,2;997,7;;32,7;22,1;33,4;30,9;23,4;21,6;61;52;54;101;6;1,7;
2025/04/20;1800 UTC;0;996,1;997,7;996,1;;33,5;21,1;34,3;31,8;23,3;21;58;48;48;134;4,2;1,2;
2025/04/20;1900 UTC;0;995,3;996,1;995,3;;32,8;21,2;34,2;32,4;22,5;20,9;54;49;51;77;5;2,5;
2025/04/20;2000 UTC;0;995,5;995,5;995,1;;32,4;21;33,6;31,9;22,1;20,8;54;50;51;93;4,6;1,6;
2025/04/20;2100 UTC;0;996,2;996,2;995,5;;31,2;21,8;32,4;31,2;21,8;20,7;58;51;58;70;4,5;2,5;
2025/04/20;2200 UTC;0;997,6;997,6;996,2;;29,8;22,5;31,1;29,8;22,5;21,8;65;58;65;52;4;1,2;
2025/04/20;2300 UTC;0;998,7;998,7;997,6;;28,3;22,7;29,8;28,3;22,8;22,5;71;65;71;39;4,2;2,1;
2025/04/21;0000 UTC;0;999,8;999,8;998,7;;27,7;21,9;28,3;27,7;22,6;21,9;72;71;71;54;3,9;1,5;
2025/04/21;0100 UTC;0;1000;1000;999,6;;27;21,7;27,7;26,9;21,9;21,6;73;71;73;28;3;1,6;
2025/04/21;0200 UTC;0;1000,3;1000,4;1000;;26,3;22;27;26,3;22;21,7;77;73;77;37;3,6;2,2;
2025/04/21;0300 UTC;0;1000;1000,3;999,9;;25,5;22;26,3;25,5;22,1;21,9;81;77;81;306;3,6;,6;
2025/04/21;0400 UTC;0;999,4;1000;999,4;;25,1;22;25,5;25,1;22;22;83;81;83;45;2,2;1,2;
2025/04/21;0500 UTC;0;998,9;999,4;998,9;;24,7;22;25,1;24,7;22,1;21,9;85;83;85;333;2,8;,4;
2025/04/21;0600 UTC;0;998,4;998,9;998,4;;24,5;21,9;24,7;24,5;22;21,9;85;85;85;1;1,7;0;
2025/04/21;0700 UTC;0;998,2;998,5;998;;24,3;22;24,5;24,2;22;21,8;87;85;87;146;1,5;0;
2025/04/21;0800 UTC;0;998,3;998,3;998,1;;23,7;21,8;24,3;23,6;22;21,7;89;87;89;238;0;0;
2025/04/21;0900 UTC;0;998,6;998,7;998,3;;23,8;21,9;23,9;23,6;22;21,8;89;89;89;322;1,8;,2;
2025/04/21;1000 UTC;0;999,1;999,1;998,5;;24;22,1;24;23,7;22,1;21,8;89;89;89;295;1,8;0;
2025/04/21;1100 UTC;0;999,9;1000;999,1;;25,4;22,9;25,5;23,9;23,2;22;89;86;86;44;0;0;
2025/04/21;1200 UTC;0;1000,7;1000,7;999,9;;27,1;22,5;27,6;25,3;23,3;22,1;86;76;76;45;3,2;,9;
2025/04/21;1300 UTC;0;1001,1;1001,2;1000,7;;28;22,1;28,8;26,7;23,4;21,9;77;69;71;40;4,3;2,4;
2025/04/21;1400 UTC;0;1001;1001,2;1001;;28,9;22,3;30,4;27,9;23,5;21,8;72;64;67;52;5,2;2,1;
2025/04/21;1500 UTC;0;1000,4;1001;1000,4;;30,6;22,1;31,2;28,9;23,9;21,9;69;60;61;342;5,5;1,9;
2025/04/21;1600 UTC;0;999,2;1000,4;999,2;;31,2;22,4;31,9;29,8;23,2;21,7;64;57;60;10;5,6;1;
2025/04/21;1700 UTC;0;997,5;999,2;997,5;;32,6;21,9;33,4;30,7;22,8;21,5;61;51;53;255;4,3;,9;
2025/04/21;1800 UTC;0;996;997,4;996;;32,3;22,2;32,7;31,2;22,6;21,2;59;53;55;26;2,9;1,1;
2025/04/21;1900 UTC;0;995;996;994,9;;32;22,7;32,3;30,3;23,2;22,1;65;55;58;256;2,9;,8;
2025/04/21;2000 UTC;0;995,5;995,5;995;;33,2;21,8;33,2;31,2;23,1;21,7;59;51;51;328;2,9;,6;
2025/04/21;2100 UTC;3,6;996,1;996,1;995,5;;25,4;21,9;33,5;25,4;22,5;21,5;81;50;81;64;8,8;3,3;
2025/04/21;2200 UTC;3,8;997,5;997,5;996,1;;25,5;23;26,5;25,4;23,1;21,9;87;80;86;290;7,1;2,4;
2025/04/21;2300 UTC;20,2;999;999;997,5;;24,1;22,2;25,5;24,1;23;22;90;86;89;323;9,7;2,1;
2025/04/22;0000 UTC;,4;1000;1000;998,8;;24;22,1;24,2;23,8;22,3;21,8;89;88;89;113;3,7;,6;
2025/04/22;0100 UTC;3,4;1000,3;1000,3;999,7;;23,8;22;24,1;23,7;22,2;21,9;90;89;90;279;2,7;,2;
2025/04/22;0200 UTC;1,2;1001,2;1001,2;1000,3;;24;22,3;24,2;23,8;22,4;22;90;90;90;126;5;2,1;
2025/04/22;0300 UTC;3,2;1001;1001,3;1001;;23,4;21,7;24;23,4;22,3;21,7;90;90;90;251;6,5;1,3;
2025/04/22;0400 UTC;1,6;1000,3;1001,2;1000,3;;22,8;21,1;23,4;22,8;21,7;21,1;90;90;90;243;3,6;1,2;
2025/04/22;0500 UTC;0;999,4;1000,3;999,4;;22,8;21,1;22,8;22,7;21,2;21;90;90;90;304;2,3;1,3;
2025/04/22;0600 UTC;0;998,7;999,5;998,7;;22,8;21,1;22,9;22,7;21,3;21;91;90;90;219;2,2;,2;
2025/04/22;0700 UTC;0;998,5;998,7;998,4;;22,7;21,1;22,9;22,7;21,2;21;91;90;91;293;1,9;1;
2025/04/22;0800 UTC;0;999,1;999,1;998,5;;22,5;20,9;22,7;22,5;21,1;20,9;91;91;91;295;1,9;,8;
2025/04/22;0900 UTC;0;999,4;999,5;999,1;;22,5;21;22,6;22,5;21,1;20,9;91;91;91;239;1,6;0;
2025/04/22;1000 UTC;0;1000,1;1000,1;999,4;;22,7;21,1;22,7;22,4;21,2;20,9;91;91;91;270;0;0;
2025/04/22;1100 UTC;0;1001,1;1001,1;1000,1;;23,5;21,9;23,5;22,7;22;21,1;91;91;91;193;0;0;
2025/04/22;1200 UTC;0;1001,9;1001,9;1001,1;;24,9;23,2;24,9;23,4;23,2;21,9;91;90;90;309;1,6;,1;
2025/04/22;1300 UTC;0;1002,2;1002,2;1001,9;;27,1;23,9;27,5;24,8;24,6;23;90;82;83;331;3,1;0;
2025/04/22;1400 UTC;0;1002,1;1002,2;1002,1;;28,5;22,7;28,8;27,1;24,9;22,7;83;71;71;86;4;1,3;
2025/04/22;1500 UTC;0;1001,3;1002,1;1001,3;;29,6;22,8;30,4;28,2;24;22,3;74;66;67;67;3,4;,8;
2025/04/22;1600 UTC;1,6;999,8;1001,3;999,8;;30,9;24,1;30,9;27,6;24,3;22,3;79;66;67;269;3,8;,6;
2025/04/22;1700 UTC;0;998,6;999,8;998,6;;31,7;24;31,7;30;24,5;22,5;69;61;64;128;3,4;1,4;
2025/04/22;1800 UTC;0;997,2;998,6;997,2;;30,9;22,7;31,7;30,5;23,5;22,3;65;59;62;108;3,3;1,8;
2025/04/22;1900 UTC;0;996,4;997,2;996,4;;32,5;23,7;32,5;30,5;24;22,2;63;58;60;175;3,2;1;
2025/04/22;2000 UTC;0;996,6;996,6;996,2;;31,7;22,4;32,5;31,1;23,2;21,9;60;56;58;68;3,1;,5;
2025/04/22;2100 UTC;0;997,5;997,5;996,5;;29,8;22,6;32,8;29,8;23,4;21,4;65;54;65;36;2,9;,6;
2025/04/22;2200 UTC;0;998,6;998,6;997,5;;27,4;22,8;29,8;27,4;23,3;22,6;76;65;76;347;5,3;1,7;
2025/04/22;2300 UTC;6,8;999,5;999,5;998,6;;24,1;21,7;27,5;24;22,7;20,6;87;72;87;307;9,2;,3;
2025/04/23;0000 UTC;0;1000,9;1000,9;999,5;;23,9;21,8;24,2;23,9;21,9;21,6;88;87;88;292;3;0;
2025/04/23;0100 UTC;0;1001,3;1001,4;1000,7;;23,9;21,8;24,1;23,9;21,9;21,7;88;87;88;68;2,6;,7;
2025/04/23;0200 UTC;0;1001,4;1001,5;1001,1;;24;21,9;24;23,7;21,9;21,6;88;88;88;69;2,1;,8;
2025/04/23;0300 UTC;,6;1001;1001,5;1001;;24;22,1;24;23,9;22,1;21,8;89;88;89;90;2;,8;
2025/04/23;0400 UTC;0;1000,3;1001;1000,3;;24;22,2;24,1;23,8;22,3;21,9;90;89;90;241;1,8;0;
2025/04/23;0500 UTC;0;1000,2;1000,4;1000,2;;24,1;22,4;24,2;23,9;22,5;22,1;90;90;90;56;1,7;0;
2025/04/23;0600 UTC;0;999,4;1000,2;999,4;;24,1;22,4;24,2;24,1;22,5;22,4;90;90;90;293;0;0;
2025/04/23;0700 UTC;0;999,6;999,6;999,3;;24,1;22,4;24,1;24;22,4;22,3;90;90;90;43;0;0;
2025/04/23;0800 UTC;0;999,8;999,8;999,5;;24,1;22,4;24,1;24;22,4;22,3;90;90;90;53;2,6;,2;
2025/04/23;0900 UTC;0;1000,1;1000,1;999,8;;23,9;22,2;24,1;23,9;22,4;22,2;90;90;90;281;1,1;,1;
2025/04/23;1000 UTC;0;1001;1001;1000,1;;24;22,3;24;23,8;22,4;22,2;90;90;90;336;,9;0;
2025/04/23;1100 UTC;0;1001,6;1001,6;1001;;25,3;23,5;25,3;24;23,5;22,3;90;90;90;81;1,7;0;
2025/04/23;1200 UTC;0;1002,7;1002,7;1001,6;;26,1;22,8;26,1;25;23,6;22,6;90;82;82;93;2,7;1,8;
2025/04/23;1300 UTC;0;1002,9;1003;1002,7;;27,2;22,5;27,8;26;23,6;22,2;82;75;75;56;3,2;1,6;
2025/04/23;1400 UTC;0;1003;1003,1;1002,9;;28,3;23;28,7;27,1;23,6;22,4;77;71;73;46;4,5;2;
2025/04/23;1500 UTC;0;1002,3;1003;1002,3;;29,2;22,7;29,5;28,2;23,5;22,2;73;67;68;72;6,2;1,3;
2025/04/23;1600 UTC;0;1000,6;1002,3;1000,6;;30,4;23;30,6;29,1;24;22,4;70;64;65;136;3,6;,9;
2025/04/23;1700 UTC;0;999;1000,6;999;;32;21,7;32;30,1;24;21,7;66;55;55;115;4,1;1,4;
2025/04/23;1800 UTC;0;998,2;999;998,2;;30,6;23,8;32,9;30,5;23,8;21;67;53;67;151;5,2;2;
2025/04/23;1900 UTC;0;997,8;998,2;997,8;;30,3;22,9;32,2;30,2;24;22,2;67;59;65;90;4,7;2,6;
2025/04/23;2000 UTC;0;998,4;998,4;997,7;;29,2;22,1;30,3;29,2;23,3;22,1;68;65;66;72;5,1;2,8;
2025/04/23;2100 UTC;,6;1000;1000;998,4;;24,5;22,1;29,2;24,5;22,3;21,9;86;66;86;29;13;3,2;
2025/04/23;2200 UTC;,8;1000,7;1000,7;1000;;24,1;22;24,5;24,1;22,3;22;88;86;88;34;6,3;2,7;
2025/04/23;2300 UTC;,4;1001,4;1001,4;1000,7;;23,7;21,8;24,1;23,7;22,1;21,8;89;88;89;30;5,3;2,6;
2025/04/24;0000 UTC;0;1002,3;1002,3;1001,4;;23,6;21,8;23,8;23,6;21,9;21,7;89;89;89;50;5,3;,2;
2025/04/24;0100 UTC;0;1002,2;1002,4;1002,2;;23,6;21,8;23,8;23,6;21,9;21,7;90;89;89;38;2,9;1;
2025/04/24;0200 UTC;0;1002,3;1002,3;1002,2;;23,6;21,7;23,7;23,6;21,9;21,7;89;89;89;115;2,4;1,3;
2025/04/24;0300 UTC;0;1001,9;1002,3;1001,9;;23,7;21,8;23,7;23,5;21,8;21,7;90;89;90;134;2,1;,2;
2025/04/24;0400 UTC;0;1001,3;1001,9;1001,3;;23,7;21,8;23,7;23,6;21,9;21,8;90;89;89;118;2,8;1,6;
2025/04/24;0500 UTC;0;1000,1;1001,3;1000,1;;23,7;21,9;23,7;23,6;21,9;21,8;90;89;90;96;2,9;1,4;
2025/04/24;0600 UTC;0;999,6;1000,1;999,6;;23,5;21,7;23,7;23,5;21,9;21,7;90;90;90;94;2,9;0;
2025/04/24;0700 UTC;0;999,4;999,6;999,4;;23,3;21,6;23,5;23,3;21,8;21,6;90;90;90;120;,9;0;
2025/04/24;0800 UTC;0;999,2;999,4;999,2;;23,2;21,5;23,3;23,1;21,6;21,4;90;90;90;61;0;0;
2025/04/24;0900 UTC;0;999,5;999,5;999,2;;23,1;21,4;23,2;23,1;21,5;21,4;90;90;90;192;0;0;
2025/04/24;1000 UTC;0;999,6;999,7;999,4;;23,2;21,5;23,2;23;21,6;21,3;90;90;90;201;0;0;
2025/04/24;1100 UTC;0;1000,1;1000,1;999,5;;24,8;22,6;24,9;23,2;23,1;21,5;91;88;88;92;2,3;,9;
2025/04/24;1200 UTC;0;1000,7;1000,7;1000,1;;26;22,4;26;24,5;22,9;21,7;88;79;80;82;4,7;1,9;
2025/04/24;1300 UTC;0;1000,9;1000,9;1000,6;;27,9;22,2;27,9;25,9;22,7;21,7;80;71;71;61;5,7;2,5;
2025/04/24;1400 UTC;0;1000,9;1001,1;1000,9;;29,8;21,5;30,1;27,7;23,2;21,5;72;61;61;61;5,7;2,3;
2025/04/24;1500 UTC;0;1000,2;1000,8;1000,2;;29,9;21,5;30,8;29,4;22,8;20,9;64;59;61;68;5,6;2,7;
2025/04/24;1600 UTC;0;999,5;1000,2;999,5;;30,9;22,1;31,3;29,9;22,6;21,3;63;57;60;81;6,8;3,1;
2025/04/24;1700 UTC;0;998,8;999,5;998,8;;31,5;22,4;31,6;30,3;22,9;21;62;56;59;58;6,4;2,1;
2025/04/24;1800 UTC;0;998;998,8;998;;31,5;21,9;32,2;29,2;23,2;21,2;67;54;57;5;7,7;1;
2025/04/24;1900 UTC;0;997,4;998;997,4;;31,3;20,4;32,2;31,3;22,5;20,4;58;52;52;65;5,4;2,6;
2025/04/24;2000 UTC;0;996,6;997,4;996,6;;31;20,6;31,7;30,8;22,1;20,2;59;52;54;56;5,2;2,5;
2025/04/24;2100 UTC;0;996,7;996,7;996,4;;30,3;21,5;31,3;30,3;21,7;20,5;59;54;59;42;4,2;1,1;
2025/04/24;2200 UTC;0;997,5;997,5;996,7;;28;23;30,3;28;23;21,4;74;59;74;239;2,3;0;
2025/04/24;2300 UTC;0;998,4;998,4;997,5;;27,3;23,2;28;26,9;23,3;23;80;74;78;355;2,6;0;
2025/04/25;0000 UTC;0;999,4;999,4;998,4;;26,3;23,3;27,3;26,3;23,4;23,2;83;78;83;282;0;0;
2025/04/25;0100 UTC;0;1000,2;1000,2;999,4;;25,6;23,2;26,3;25,6;23,5;23,2;87;84;87;233;0;0;
2025/04/25;0200 UTC;0;1000,6;1000,7;1000,2;;25,3;23,1;25,7;25,3;23,4;23,1;88;87;88;208;1,7;0;
2025/04/25;0300 UTC;0;999,9;1000,6;999,9;;24,8;22,8;25,3;24,8;23,2;22,8;89;88;89;240;0;0;
2025/04/25;0400 UTC;0;999,2;999,9;999,2;;24,7;22,8;24,9;24,6;23;22,7;90;89;90;203;0;0;
2025/04/25;0500 UTC;0;998,7;999,2;998,7;;24,3;22,5;24,7;24,2;22,8;22,5;90;89;90;259;0;0;
2025/04/25;0600 UTC;0;998,1;998,7;998,1;;24,4;22,6;24,5;24,3;22,8;22,5;90;90;90;179;0;0;
2025/04/25;0700 UTC;0;998,3;998,3;998;;24,3;22,5;24,4;24,2;22,6;22,4;90;90;90;196;0;0;
2025/04/25;0800 UTC;0;998,2;998,3;998,1;;24,3;22,5;24,3;24,2;22,6;22,4;90;90;90;261;1,9;,4;
2025/04/25;0900 UTC;8,6;999,4;999,4;998,1;;24,2;22,4;24,4;24,2;22,6;22,4;90;89;90;84;4;2,4;
2025/04/25;1000 UTC;10,4;1000,1;1000,1;999,2;;24,2;22,6;24,2;24;22,6;22,3;91;90;91;174;4,4;0;
2025/04/25;1100 UTC;16,4;1001,5;1001,5;1000,1;;22,9;21,2;24,3;22,8;22,6;21,2;91;90;91;245;3,9;,8;
2025/04/25;1200 UTC;7,4;1002,6;1002,6;1001,5;;23,2;21,6;23,2;22,8;21,6;21,2;91;91;91;296;2,7;1;
2025/04/25;1300 UTC;,4;1002,9;1002,9;1002,6;;23,9;22,3;23,9;23,2;22,3;21,6;91;91;91;243;2;0;
2025/04/25;1400 UTC;0;1002,3;1002,9;1002,3;;26,4;23,8;26,5;23,9;24,6;22,3;91;86;86;272;1,7;,1;
2025/04/25;1500 UTC;0;1001,4;1002,3;1001,4;;27,8;23,4;27,8;26,1;23,9;22,7;86;76;77;190;2,6;,4;
2025/04/25;1600 UTC;0;999,8;1001,4;999,8;;29,1;23;29,2;27,7;23,9;22,7;77;70;70;204;3,1;1,1;
2025/04/25;1700 UTC;0;998,6;999,8;998,6;;29,1;22,9;30;28,8;23,7;22,3;71;64;70;127;2,4;,8;
2025/04/25;1800 UTC;0;997,3;998,6;997,3;;30,3;23,6;30,3;28,1;23,9;22,6;76;66;67;160;3,4;,4;
2025/04/25;1900 UTC;0;996,4;997,3;996,4;;29,5;23,2;30,5;29,2;23,7;21,6;70;61;69;224;2,6;1,2;
2025/04/25;2000 UTC;0;996,3;996,6;996,2;;29,2;23,2;29,6;28,9;23,4;22,7;71;68;70;215;3,4;,9;
2025/04/25;2100 UTC;0;997,2;997,2;996,3;;28,4;23,3;29,3;28,4;23,5;22,9;74;69;74;225;2;0;
2025/04/25;2200 UTC;0;997,8;997,9;997,2;;26,9;23,8;28,4;26,9;23,8;23,4;83;74;83;209;,7;0;
2025/04/25;2300 UTC;0;998,5;998,5;997,7;;26,6;23,7;26,9;26,3;23,8;23,4;85;83;84;327;1,9;0;
2025/04/26;0000 UTC;0;999;999;998,5;;25,9;23,6;26,6;25,8;23,6;23,4;87;84;87;338;0;0;
2025/04/26;0100 UTC;0;1000,3;1000,4;999;;25,7;23,6;26;25,7;23,7;23,6;88;87;88;298;1,8;,4;
2025/04/26;0200 UTC;0;1000,9;1000,9;1000,3;;25,4;23,3;25,7;25,4;23,6;23,3;88;88;88;228;2;,2;
2025/04/26;0300 UTC;0;1000,8;1001;1000,7;;25,3;23,4;25,4;25,3;23,4;23,3;89;88;89;57;1,1;0;
2025/04/26;0400 UTC;0;1000,3;1000,8;1000,3;;25,3;23,5;25,4;25,2;23,5;23,3;89;89;89;64;1,3;0;
2025/04/26;0500 UTC;1,4;999,3;1000,3;999,3;;25,2;23,4;25,4;25,2;23,5;23,4;90;89;90;47;1,9;,7;
2025/04/26;0600 UTC;,4;998,8;999,3;998,8;;24,9;23,2;25,2;24,9;23,4;23,2;90;90;90;348;2,1;0;
2025/04/26;0700 UTC;,2;998,4;998,8;998,4;;24,7;23;24,9;24,7;23,2;23;90;90;90;33;0;0;
2025/04/26;0800 UTC;0;998,6;998,6;998,4;;24,8;23,1;24,8;24,7;23,1;23;90;90;90;26;0;0;
2025/04/26;0900 UTC;0;998,8;998,8;998,5;;24,5;22,9;24,8;24,5;23,1;22,9;91;90;91;331;0;0;
2025/04/26;1000 UTC;0;999,9;999,9;998,8;;24,5;22,9;24,6;24,5;23;22,8;91;91;91;71;2,5;1,6;
2025/04/26;1100 UTC;0;1000,3;1000,3;999,9;;25,1;23,5;25,1;24,5;23,5;22,9;91;90;90;27;3,4;1,2;
2025/04/26;1200 UTC;0;1000,9;1000,9;1000,3;;26,6;23,6;26,7;25,1;24,1;23,5;90;84;84;36;4,9;2,2;
2025/04/26;1300 UTC;0;1001,3;1001,3;1000,9;;27,6;23,1;28,1;26,6;24,7;23;84;76;77;41;5,5;2,3;
2025/04/26;1400 UTC;0;1001,3;1001,3;1001,2;;28,3;22,6;29,4;27,5;23,8;22,4;78;69;71;48;6,5;3,2;
2025/04/26;1500 UTC;0;1000,8;1001,3;1000,8;;27,9;23,5;28,3;27,2;23,7;22,4;80;71;77;43;4,9;1,6;
2025/04/26;1600 UTC;0;999,4;1000,8;999,4;;28,9;24,2;29,4;27,7;25,4;23,1;81;74;76;171;2,9;1;
2025/04/26;1700 UTC;0;998,1;999,4;998,1;;30,2;23,3;30,3;28,6;24,7;23;77;66;66;75;3,3;1,5;
2025/04/26;1800 UTC;1,4;997,4;998,2;997,4;;27;23,8;30,7;26,7;24,1;22,5;84;64;82;218;5,6;1,3;
2025/04/26;1900 UTC;0;996,4;997,4;996,4;;28,5;23,9;28,8;27;24,7;23,6;82;76;76;203;2,9;,2;
2025/04/26;2000 UTC;0;996,7;996,7;996,4;;27,7;24,3;28,5;27,6;24,4;23,7;82;77;82;239;2,8;,3;
2025/04/26;2100 UTC;0;997,4;997,4;996,7;;27;24,2;27,7;27;24,3;23,9;85;81;85;223;2,7;,9;
2025/04/26;2200 UTC;0;998,1;998,1;997,4;;26,2;23,9;27;26,2;24,2;23,9;87;85;87;205;1,9;,2;
2025/04/26;2300 UTC;0;999,1;999,1;998,1;;25,8;23,8;26,2;25,8;23,9;23,7;89;87;89;290;2,1;,5;
2025/04/27;0000 UTC;0;1000,3;1000,3;999,1;;25,7;23,3;25,8;25,6;23,8;23,3;89;87;87;320;3,7;1,6;
2025/04/27;0100 UTC;0;1000,6;1000,6;1000,2;;24,9;22,6;25,7;24,9;23,2;22,6;87;85;87;346;4,1;,9;
2025/04/27;0200 UTC;0;1001,1;1001,1;1000,6;;24,8;22,6;25;24,8;22,7;22,6;88;87;87;312;2,9;,6;
2025/04/27;0300 UTC;0;1000,9;1001,1;1000,7;;24,7;22,6;24,8;24,6;22,6;22,6;88;87;88;5;2,9;,3;
2025/04/27;0400 UTC;0;1000,6;1000,9;1000,6;;24,7;22,7;24,8;24,6;22,7;22,6;89;88;89;300;2,1;,9;
2025/04/27;0500 UTC;0;1000,5;1000,6;1000,4;;24,8;22,7;24,8;24,7;22,8;22,7;89;88;88;322;2,9;1,1;
2025/04/27;0600 UTC;0;999,8;1000,5;999,8;;24,6;22,4;24,8;24,6;22,7;22,4;88;88;88;311;4;1;
2025/04/27;0700 UTC;0;999,6;999,8;999,5;;24,5;22,3;24,6;24,4;22,5;22,2;88;87;87;315;3,5;1;
2025/04/27;0800 UTC;0;1000;1000,1;999,6;;24,4;22,1;24,5;24,4;22,3;22,1;87;87;87;306;3;,7;
2025/04/27;0900 UTC;0;1000,5;1000,5;999,8;;24,1;22,1;24,4;24,1;22,1;22;88;87;88;289;3;,3;
2025/04/27;1000 UTC;0;1001;1001;1000,5;;24,4;22,4;24,4;24,1;22,4;22,1;89;88;88;289;1,3;0;
2025/04/27;1100 UTC;0;1001,4;1001,4;1001;;25;22,6;25;24,4;22,6;22,3;88;86;87;358;2,3;,6;
2025/04/27;1200 UTC;0;1002,1;1002,1;1001,4;;26,1;22,5;26,1;25;23;22,4;87;81;81;22;3,8;1,2;
2025/04/27;1300 UTC;0;1002,5;1002,5;1002,1;;27,2;22,7;27,5;25,9;23,1;22,3;82;75;77;30;4,6;1,6;
2025/04/27;1400 UTC;0;1002,5;1002,6;1002,4;;28,7;22,7;29,5;27,2;23,7;22,4;77;69;70;18;5;2,2;
2025/04/27;1500 UTC;0;1001,9;1002,5;1001,9;;31;23,8;31;28,7;24;22,3;71;64;66;39;5,3;1,7;
2025/04/27;1600 UTC;3,8;1001,1;1001,9;1001,1;;27,5;24,6;31,3;26,5;24,6;22,1;84;62;84;66;3,8;,1;
2025/04/27;1700 UTC;0;1000;1001,1;1000;;30,4;23;31,1;27,4;25,4;22,9;85;64;64;122;2,3;,4;
2025/04/27;1800 UTC;0;998,8;1000;998,8;;30,1;23,7;31,3;29,9;24,2;22,4;69;61;69;51;5,6;3,7;
2025/04/27;1900 UTC;0;998,5;998,9;998,5;;28,7;23,2;30,2;27,7;23,9;22,5;76;67;72;28;8,3;3,3;
2025/04/27;2000 UTC;0;998,8;998,9;998,5;;28;22,8;29,1;28;23,7;22,8;74;71;73;336;7,8;2;
2025/04/27;2100 UTC;0;998,8;998,9;998,6;;26,8;22,5;28;26,8;23;22,4;77;73;77;355;5,8;1,4;
2025/04/27;2200 UTC;0;999,3;999,3;998,8;;26;22,5;26,8;26;22,6;22,5;81;77;81;38;4;,5;
2025/04/27;2300 UTC;0;1000;1000,2;999,2;;25,3;22,5;26;25,3;22,5;22,4;85;81;85;71;1,5;0;
2025/04/28;0000 UTC;0;1000,9;1001,1;1000;;24,9;22,5;25,3;24,9;22,7;22,5;87;85;86;72;3;,7;
2025/04/28;0100 UTC;0;1001,4;1001,6;1000,8;;24,6;22,3;24,9;24,6;22,5;22,2;87;86;87;79;2,9;0;
2025/04/28;0200 UTC;0;1001,4;1001,7;1001,2;;24,6;22,4;24,7;24,6;22,5;22,3;88;87;88;321;2,4;0;
2025/04/28;0300 UTC;0;1001,4;1001,6;1001,4;;24,3;22,3;24,6;24,3;22,5;22,2;89;88;89;271;0;0;
2025/04/28;0400 UTC;0;1001,4;1001,5;1001,3;;24,1;22,3;24,3;24;22,3;22,2;90;89;90;261;0;0;
2025/04/28;0500 UTC;0;1000,7;1001,4;1000,7;;24;22,3;24,1;23,9;22,3;22,1;90;90;90;203;0;0;
2025/04/28;0600 UTC;0;1000,3;1000,7;1000,3;;23,8;22,1;24;23,7;22,3;22;90;90;90;302;0;0;
2025/04/28;0700 UTC;0;1000,3;1000,5;1000,3;;23,5;21,9;23,9;23,5;22,2;21,9;90;90;90;36;0;0;
2025/04/28;0800 UTC;0;1000,9;1000,9;1000,3;;23,5;21,9;23,5;23,4;21,9;21,8;91;90;91;15;0;0;
2025/04/28;0900 UTC;0;1001,3;1001,3;1000,9;;23,6;22;23,7;23,5;22,1;21,9;91;91;91;301;1,4;0;
2025/04/28;1000 UTC;0;1001,6;1001,6;1001,2;;23,8;22,2;23,8;23,6;22,2;22;91;91;91;314;2,5;0;
2025/04/28;1100 UTC;0;1002,5;1002,5;1001,6;;24,5;22,7;24,7;23,8;23;22,1;91;89;90;310;2,3;,9;
2025/04/28;1200 UTC;0;1003,1;1003,1;1002,5;;25,6;22,9;25,7;24,4;23,4;22,5;90;85;85;282;2,4;,9;
2025/04/28;1300 UTC;0;1003,5;1003,5;1003,1;;27,3;22,8;27,3;25,5;23,3;22,4;85;76;77;247;3,5;1;
2025/04/28;1400 UTC;0;1003,4;1003,6;1003,4;;28,4;22,6;28,4;27,2;23,1;22,2;77;70;71;4;2,8;,2;
2025/04/28;1500 UTC;0;1003;1003,4;1003;;29,2;22,7;29,2;27,9;23,1;22;73;68;68;225;2,4;0;
2025/04/28;1600 UTC;0;1002,1;1003;1002,1;;30,1;23;30,1;29,2;23,3;22,3;69;64;66;146;2,6;1,1;
2025/04/28;1700 UTC;0;1000,8;1002,1;1000,8;;31,2;22,2;31,6;29,6;23,6;21,7;67;58;59;34;3,4;1,4;
2025/04/28;1800 UTC;0;999,7;1000,8;999,7;;30,7;22,8;31,2;29,7;23,1;21,6;66;59;63;45;3,9;1,9;
2025/04/28;1900 UTC;0;998,7;999,7;998,7;;31;22,6;31,3;30,4;23,2;21,9;64;58;61;16;4,1;1,2;
2025/04/28;2000 UTC;0;998,6;998,7;998,5;;30,4;22,2;31,5;30;23,1;21,6;63;58;62;40;4,5;1,6;
2025/04/28;2100 UTC;0;998,7;998,7;998,4;;28;22,6;30,6;28;22,8;21,9;73;61;73;84;4,5;1,8;
2025/04/28;2200 UTC;0;999,6;999,6;998,7;;27,2;22,9;28;27,2;23;22,5;78;72;78;69;3,2;,3;
2025/04/28;2300 UTC;0;1000,3;1000,3;999,6;;26,6;23;27,2;26,6;23,1;22,9;81;78;81;86;1,5;0;
2025/04/29;0000 UTC;0;1000,8;1000,8;1000,3;;26,3;23;26,7;26,3;23,1;22,9;82;80;82;136;0;0;
2025/04/29;0100 UTC;0;1001,5;1001,5;1000,7;;25,9;22,8;26,2;25,9;23,1;22,8;84;82;83;79;0;0;
2025/04/29;0200 UTC;0;1001,8;1001,8;1001,5;;25,4;22,9;25,9;25,4;23,1;22,7;86;83;86;281;0;0;
2025/04/29;0300 UTC;0;1001,4;1001,8;1001,4;;25;22,8;25,4;25;23;22,6;87;86;87;166;0;0;
2025/04/29;0400 UTC;0;1000,7;1001,4;1000,7;;24,6;22,7;25;24,6;22,9;22,6;89;88;89;302;0;0;
2025/04/29;0500 UTC;0;1000,3;1000,7;1000,3;;24,4;22,5;24,6;24,3;22,6;22,4;89;89;89;189;0;0;
2025/04/29;0600 UTC;0;1000;1000,3;1000;;24,3;22,5;24,4;24,1;22,5;22,3;90;89;90;60;0;0;
2025/04/29;0700 UTC;0;1000,1;1000,1;999,9;;24,1;22,4;24,4;24,1;22,6;22,4;90;90;90;160;0;0;
2025/04/29;0800 UTC;0;1000,2;1000,2;1000;;24,1;22,4;24,2;24,1;22,5;22,4;90;90;90;122;0;0;
2025/04/29;0900 UTC;0;1000,5;1000,5;1000,2;;23,8;22,2;24,1;23,7;22,4;22,1;91;90;91;112;0;0;
2025/04/29;1000 UTC;0;1001,1;1001,2;1000,4;;23,8;22,2;23,9;23,6;22,3;22;91;91;91;221;0;0;
2025/04/29;1100 UTC;0;1001,6;1001,6;1001,1;;24,9;23,3;25,1;23,8;23,5;22,2;91;91;91;293;0;0;
2025/04/29;1200 UTC;0;1002,6;1002,6;1001,6;;27,4;23,6;27,8;24,9;24,9;23,1;91;79;80;66;3,6;2,1;
2025/04/29;1300 UTC;0;1002,9;1002,9;1002,6;;28,6;22,9;29;27,2;23,7;22,8;80;71;71;55;4,1;2,1;
2025/04/29;1400 UTC;0;1002,2;1002,9;1002,2;;30,6;23,4;30,6;28,6;23,7;22,6;73;66;66;20;4,1;2;
2025/04/29;1500 UTC;0;1001,3;1002,2;1001,3;;30,2;22,8;31,2;29,8;23,9;22,4;67;61;65;29;5,4;1,7;
2025/04/29;1600 UTC;0;1000,1;1001,3;1000,1;;31,4;23,1;31,7;30,2;23,4;21,3;65;56;61;74;4,8;1,4;
2025/04/29;1700 UTC;0;999;1000,1;999;;32,6;22,5;33,2;31,2;23,8;21,8;61;53;56;360;5;1,7;
2025/04/29;1800 UTC;0;997,7;999;997,7;;32,8;22,2;33,2;31,4;23,5;21,4;59;51;54;86;5,2;1,9;
2025/04/29;1900 UTC;0;997;997,7;997;;32,2;21,7;33,1;31,8;22,8;21,4;57;52;54;50;5,5;2,1;
2025/04/29;2000 UTC;0;996,6;997;996,5;;31,9;21,5;32,7;31,5;22,3;20,7;56;50;54;98;4,8;2,5;
2025/04/29;2100 UTC;0;997,1;997,2;996,5;;30,3;22,3;31,9;30,3;22,3;21,4;62;54;62;74;4,7;1,8;
2025/04/29;2200 UTC;0;997,8;997,8;997,1;;28,8;23;30,3;28,8;23;22,3;71;62;71;111;3,2;0;
2025/04/29;2300 UTC;0;998,7;998,7;997,8;;27,5;22,8;28,8;27,5;23,5;22,7;76;71;76;68;1,3;0;
2025/04/30;0000 UTC;0;999,8;999,8;998,7;;27,1;23,2;27,7;27,1;23,2;22,8;79;75;79;338;1,3;0;
2025/04/30;0100 UTC;0;999,7;999,8;999,6;;26,4;23,2;27,1;26,4;23,2;23;83;79;83;32;0;0;
2025/04/30;0200 UTC;0;1000,5;1000,5;999,7;;25,7;23,2;26,4;25,6;23,2;23;86;82;86;232;1,3;0;
2025/04/30;0300 UTC;0;1000,3;1000,5;1000,2;;25,2;23;25,7;25,1;23,2;22,9;88;86;88;209;0;0;
2025/04/30;0400 UTC;0;1000,1;1000,4;1000;;24,6;22,7;25,2;24,6;23;22,7;89;88;89;233;1,9;,8;
2025/04/30;0500 UTC;0;999,4;1000,1;999,4;;24,5;22,6;24,6;24,5;22,7;22,6;89;89;89;203;1,3;0;
2025/04/30;0600 UTC;0;999,5;999,5;999,2;;24,3;22,5;24,5;24,2;22,6;22,4;90;89;90;82;0;0;
2025/04/30;0700 UTC;0;999,4;999,5;999,2;;24,5;22,7;24,5;24,3;22,7;22,5;90;90;90;75;0;0;
2025/04/30;0800 UTC;0;999,5;999,5;999,4;;24,4;22,6;24,6;24,4;22,8;22,6;90;90;90;35;1,8;0;
2025/04/30;0900 UTC;0;999,9;999,9;999,5;;24,4;22,4;24,5;24,4;22,7;22,4;90;89;89;38;2,2;0;
2025/04/30;1000 UTC;0;1000,3;1000,3;999,8;;25,3;23,2;25,3;24,2;23,2;22,3;89;88;88;42;2,1;,8;
2025/04/30;1100 UTC;0;1000,8;1000,8;1000,3;;27,1;23,3;27,1;25,2;23,6;22,9;88;79;79;43;4;2,1;
2025/04/30;1200 UTC;0;1001,6;1001,6;1000,8;;28,6;22,5;28,7;27,1;23,5;22,1;79;69;69;57;6,1;2,9;
2025/04/30;1300 UTC;0;1001,8;1001,8;1001,6;;30,5;23,6;30,5;28,4;24;22,1;70;66;67;29;6,1;2,4;
2025/04/30;1400 UTC;0;1001,3;1001,8;1001,3;;29,2;22,6;30,8;29,1;23,8;22,1;68;62;68;64;5,5;3;
2025/04/30;1500 UTC;0;1000,9;1001,3;1000,9;;30,9;22,7;31,7;29,2;23,4;21,9;68;59;62;71;5,2;1,7;
2025/04/30;1600 UTC;0;999,7;1000,9;999,6;;31,4;22,4;32,1;30,2;23,5;22;64;56;59;38;5,1;1,5;
2025/04/30;1700 UTC;0;998,2;999,6;998,2;;31,9;22,1;31,9;29,7;23,7;21,5;66;55;56;90;5,9;2,7;
2025/04/30;1800 UTC;0;996,9;998,2;996,9;;32,3;21,8;32,6;31,4;23,3;21,4;60;53;54;99;7,4;3;
2025/04/30;1900 UTC;0;996,4;996,9;996,4;;32,2;23,3;32,7;31;23,3;21,3;60;53;59;102;6,1;1,6;
2025/04/30;2000 UTC;0;996,5;996,6;996,3;;30,5;23;32,5;30,4;23,8;22,8;66;58;65;246;3,8;1,8;
2025/04/30;2100 UTC;0;997;997;996,4;;30;22,6;30,8;30;23,5;22,5;67;64;65;95;3,4;,2;
2025/04/30;2200 UTC;0;998;998;997;;28,2;23,3;30,1;28,2;23,5;22,6;75;64;75;201;1,3;0;
2025/04/30;2300 UTC;0;999,3;999,3;998;;27,1;23,8;28,2;27,1;23,8;23,3;82;75;82;281;1,9;,4;
2025/05/01;0000 UTC;0;999,9;1000;999,3;;26,8;23,7;27,1;26,7;23,8;23,7;84;82;84;313;3,3;0;
2025/05/01;0100 UTC;0;1000,2;1000,3;999,7;;25,9;23,5;26,8;25,8;23,7;23,4;87;83;87;199;2;0;
2025/05/01;0200 UTC;0;1000,5;1000,6;1000,1;;25,4;23,2;25,9;25,4;23,5;23,2;88;87;88;225;0;0;
2025/05/01;0300 UTC;0;1000,5;1000,6;1000,3;;25,1;23,1;25,5;25,1;23,3;23;89;88;89;253;0;0;
2025/05/01;0400 UTC;0;1000,1;1000,5;1000,1;;24,8;22,9;25,1;24,8;23,1;22,9;89;88;89;237;1,7;,1;
2025/05/01;0500 UTC;0;999,7;1000,2;999,7;;24,9;23;25,1;24,8;23,2;22,9;89;89;89;30;2,6;1,2;
2025/05/01;0600 UTC;0;999,6;999,7;999,5;;24,6;22,4;24,9;24,6;23;22,4;89;87;88;8;2,5;,4;
2025/05/01;0700 UTC;0;999,7;999,7;999,5;;24,5;22,3;24,6;24,4;22,4;22,3;88;87;88;348;1,3;0;
2025/05/01;0800 UTC;0;1000;1000;999,6;;24,2;22,2;24,5;24,2;22,3;22,1;88;88;88;79;1;0;
2025/05/01;0900 UTC;0;1000,6;1000,6;1000;;23,9;22;24,3;23,9;22,2;22;89;88;89;232;0;0;
2025/05/01;1000 UTC;0;1000,8;1000,9;1000,6;;24,2;22,5;24,2;23,8;22,5;21,9;90;89;90;216;1,4;0;
2025/05/01;1100 UTC;0;1002;1002;1000,8;;25,9;23,6;25,9;24,2;23,6;22,5;90;87;87;251;1,8;0;
2025/05/01;1200 UTC;0;1002,6;1002,6;1002;;27,7;23,5;27,7;25,8;23,8;23,1;87;78;78;54;1,7;,3;
2025/05/01;1300 UTC;0;1002,4;1002,6;1002,4;;28,3;23,2;28,6;27,5;23,7;22,7;78;72;74;77;4,7;2,1;
2025/05/01;1400 UTC;0;1002,2;1002,4;1002,2;;29,6;22,7;29,8;28,3;23,7;22,5;74;65;67;61;5,4;2,2;
2025/05/01;1500 UTC;0;1001,4;1002,2;1001,4;;30,9;22,3;31,7;29,3;23,8;22,3;69;59;60;55;5,4;2,4;
2025/05/01;1600 UTC;0;1000,3;1001,4;1000,3;;32,3;22,4;32,6;30,7;23,2;21,7;62;55;56;43;4,6;1,3;
2025/05/01;1700 UTC;0;999,3;1000,3;999,3;;31,7;22,3;32,9;30,9;23,3;21,6;62;55;57;125;4,8;2;
2025/05/01;1800 UTC;0;998,4;999,3;998,4;;32;22;33,1;31,3;23,5;21,6;58;52;56;101;4,6;1,8;
2025/05/01;1900 UTC;0;997,6;998,4;997,5;;31,8;22,2;32,8;31,5;23;21,7;58;54;57;67;5,4;2,6;
2025/05/01;2000 UTC;0;997,5;997,6;997,3;;31,3;22,5;31,9;31,3;22,9;21,8;60;56;60;120;4,5;1,6;
2025/05/01;2100 UTC;0;997,6;997,7;997,5;;30;22,9;31,3;30;23;22,2;66;59;66;76;3,2;1,4;
2025/05/01;2200 UTC;0;998,6;998,6;997,6;;28,9;22,7;30;28,9;23;22,6;69;66;69;34;2,4;,7;
2025/05/01;2300 UTC;0;998,9;999,1;998,6;;27,6;23,4;28,9;27,6;23,4;22,7;78;69;78;104;1,6;0;
2025/05/02;0000 UTC;0;999,6;999,7;998,9;;26,9;23,2;27,6;26,9;23,4;23,2;80;78;80;62;0;0;
2025/05/02;0100 UTC;0;1000,5;1000,5;999,6;;26;23,2;26,9;26;23,4;23,2;85;80;85;257;0;0;
2025/05/02;0200 UTC;0;1000,9;1000,9;1000,5;;25,5;23,1;26;25,5;23,3;23,1;87;85;87;253;0;0;
2025/05/02;0300 UTC;0;1000,9;1001;1000,7;;25,3;23,1;25,5;25,3;23,3;23,1;87;87;87;248;0;0;
2025/05/02;0400 UTC;0;1000,2;1000,9;1000,2;;24,8;22,8;25,3;24,8;23,1;22,8;89;87;89;219;0;0;
2025/05/02;0500 UTC;0;1000,2;1000,2;1000;;25;23;25;24,7;23,1;22,7;89;89;89;32;2,6;,1;
2025/05/02;0600 UTC;0;999,7;1000,2;999,7;;24,9;22,6;25,1;24,9;23;22,6;89;87;87;313;2,8;,8;
2025/05/02;0700 UTC;0;999,9;1000;999,5;;24,7;22,5;24,9;24,6;22,6;22,4;88;87;88;314;2,6;0;
2025/05/02;0800 UTC;0;999,8;1000;999,3;;24,5;22,5;24,7;24,5;22,5;22,5;88;88;88;239;0;0;
2025/05/02;0900 UTC;20,6;1000,7;1001,6;999,8;;22,3;20,7;24,6;22,3;22,6;20,7;91;88;91;71;11;3,3;
2025/05/02;1000 UTC;,2;1001,8;1002;1000,7;;22,9;21,3;22,9;22,3;21,3;20,7;91;91;91;218;5,8;0;
2025/05/02;1100 UTC;0;1002,6;1002,6;1001,5;;23,1;21,5;23,1;22,8;21,5;21,2;91;91;91;71;2;,9;
2025/05/02;1200 UTC;0;1003,2;1003,2;1002,4;;24;22,3;24;23;22,3;21,4;91;90;90;106;2,2;1;
2025/05/02;1300 UTC;0;1003,3;1003,4;1003,2;;26,2;22,6;26,2;24,1;23,1;22,1;90;80;80;101;2,9;1,2;
2025/05/02;1400 UTC;0;1002,9;1003,3;1002,9;;28,9;22,8;29;26,2;23,6;22;81;70;70;39;3,5;1,2;
2025/05/02;1500 UTC;0;1002,3;1002,9;1002,3;;28,9;23,4;29,2;28;23,9;22,3;74;69;72;66;5,9;2,8;
2025/05/02;1600 UTC;0;1001,6;1002,3;1001,6;;30,1;22,9;30,6;28,5;23,8;22,5;73;64;66;55;5,2;1,8;
2025/05/02;1700 UTC;0;1001;1001,6;1001;;30,2;23,2;30,2;29,5;23,6;22,2;68;64;67;97;4,1;1,5;
2025/05/02;1800 UTC;0;1000,1;1001;1000,1;;31,1;23,1;31,4;29,4;24,1;22,3;68;62;62;140;3,7;1;
2025/05/02;1900 UTC;0;999,7;1000,1;999,6;;30,8;22;31,5;30,5;23,6;21,6;64;57;59;91;7,4;1,9;
2025/05/02;2000 UTC;0;999,4;999,7;999,4;;30,4;22;31,8;30,4;22,9;21,5;61;57;61;95;4,1;2;
2025/05/02;2100 UTC;0;999,5;999,6;999,4;;28,8;22,4;30,4;28,8;22,5;21,6;69;60;68;97;3,9;1,3;
2025/05/02;2200 UTC;0;999,8;999,8;999,5;;27,5;22,7;28,8;27,5;22,7;22,3;75;68;75;80;2,2;,1;
2025/05/02;2300 UTC;0;1000,2;1000,2;999,8;;26,3;23,1;27,5;26,3;23,1;22,7;83;75;83;84;,7;0;
2025/05/03;0000 UTC;0;1000,9;1000,9;1000,2;;25,5;22,8;26,3;25,5;23,1;22,8;85;83;85;35;,8;0;
2025/05/03;0100 UTC;0;1001,3;1001,3;1000,8;;24,9;22,8;25,6;24,9;23;22,6;88;85;88;228;0;0;
2025/05/03;0200 UTC;0;1001,6;1001,7;1001,3;;24,6;22,5;24,9;24,5;22,8;22,5;89;88;89;220;0;0;
2025/05/03;0300 UTC;0;1001,4;1001,6;1001,4;;24,1;22,3;24,5;24,1;22,6;22,3;89;89;89;248;0;0;
2025/05/03;0400 UTC;0;1001;1001,4;1001;;23,9;22,2;24,2;23,8;22,4;22;90;89;90;263;0;0;
2025/05/03;0500 UTC;0;1000,7;1001;1000,7;;23,4;21,7;24;23,3;22,2;21,6;90;90;90;253;0;0;
2025/05/03;0600 UTC;0;1000,4;1000,7;1000,4;;23,3;21,6;23,5;23,2;21,8;21,5;90;90;90;287;1,4;0;
2025/05/03;0700 UTC;0;1000,7;1000,7;1000,3;;23,1;21,4;23,4;23;21,7;21,4;91;90;91;223;0;0;
2025/05/03;0800 UTC;0;1000,9;1000,9;1000,7;;23;21,3;23,1;23;21,5;21,3;91;91;91;264;0;0;
2025/05/03;0900 UTC;0;1001,4;1001,4;1000,9;;23;21,4;23,1;22,9;21,5;21,3;91;91;91;308;0;0;
2025/05/03;1000 UTC;0;1002,2;1002,2;1001,4;;23,3;21,7;23,4;22,9;21,8;21,4;91;91;91;221;1,1;0;
2025/05/03;1100 UTC;0;1002,9;1002,9;1002,2;;25,2;23,6;25,2;23,2;23,6;21,7;91;91;91;72;1,4;0;
2025/05/03;1200 UTC;0;1003,3;1003,3;1002,9;;27,3;24,5;27,3;25,2;25;23,7;91;85;85;45;3,3;,3;
2025/05/03;1300 UTC;0;1003;1003,3;1003;;28,7;23,6;28,9;26,8;24,5;23,2;85;74;74;44;3,5;1,8;
2025/05/03;1400 UTC;0;1002,7;1003;1002,7;;30;23;30,8;28,6;24,3;22,3;75;64;66;58;4;2,2;
2025/05/03;1500 UTC;0;1002;1002,7;1002;;31,5;22,9;31,7;29,5;23,9;21,7;69;57;60;87;4,7;1,9;
2025/05/03;1600 UTC;0;1001,3;1002;1001,3;;31,3;21,4;32,4;30,9;23,3;21,3;62;54;56;80;5;1,8;
2025/05/03;1700 UTC;0;1000,5;1001,3;1000,5;;32,3;21,2;33,1;31,3;23,2;20,4;59;49;52;100;5,7;3;
2025/05/03;1800 UTC;0;999,6;1000,5;999,6;;32,5;21,4;33,5;31,9;22,6;20,4;55;47;52;110;5,8;2,4;
2025/05/03;1900 UTC;0;998,9;999,6;998,8;;32,7;20,8;33,5;32,4;21,9;20,4;54;48;50;116;6;3,3;
2025/05/03;2000 UTC;0;998,8;998,9;998,7;;32,2;20,5;33,2;32,2;21,4;19,8;51;47;50;114;6;3,2;
2025/05/03;2100 UTC;0;998,9;998,9;998,7;;30,8;20,8;32,2;30,8;20,8;20,1;55;50;55;112;5,2;1,8;
2025/05/03;2200 UTC;0;999,3;999,3;998,9;;28,5;20,7;30,8;28,5;20,8;20,3;63;55;63;75;3,7;1,2;
2025/05/03;2300 UTC;0;999,6;999,6;999,2;;27,1;21,2;28,5;27,1;21,3;20,6;70;63;70;94;2,1;,2;
2025/05/04;0000 UTC;0;1000,1;1000,1;999,6;;26,2;21,5;27,1;26,2;21,6;20,9;75;70;75;116;,8;0;
2025/05/04;0100 UTC;0;1000,5;1000,5;1000,1;;24,9;21,9;26,1;24,9;22;21,5;83;76;83;208;1;0;
2025/05/04;0200 UTC;0;1000,9;1001;1000,5;;24,5;21,6;24,9;24,5;21,9;21,6;85;83;84;222;0;0;
2025/05/04;0300 UTC;0;1001;1001;1000,9;;23,8;21,6;24,5;23,7;21,8;21,4;88;84;88;218;0;0;
2025/05/04;0400 UTC;0;1000,7;1001,1;1000,7;;23,4;21,4;23,8;23,2;21,7;21,1;89;88;89;219;1,5;0;
2025/05/04;0500 UTC;0;1000,5;1000,8;1000,5;;22,9;21;23,4;22,9;21,5;21;89;88;89;220;1,5;1,1;
2025/05/04;0600 UTC;0;1000,1;1000,5;1000,1;;22,8;20,9;22,9;22,7;21;20,8;90;89;90;210;1,5;0;
2025/05/04;0700 UTC;0;1000,4;1000,4;1000,1;;22,6;20,8;22,8;22,5;20,9;20,8;90;89;90;251;0;0;
2025/05/04;0800 UTC;0;1000,9;1000,9;1000,4;;22,5;20,8;22,6;22,5;20,9;20,8;90;90;90;211;0;0;
2025/05/04;0900 UTC;0;1001,9;1001,9;1000,9;;22,4;20,8;22,5;22,4;20,8;20,7;90;90;90;66;0;0;
2025/05/04;1000 UTC;0;1002,3;1002,3;1001,8;;22,8;21,1;22,8;22,4;21,1;20,8;90;90;90;59;0;0;
2025/05/04;1100 UTC;0;1002,7;1002,7;1002,3;;25,9;23,9;25,9;22,8;23,9;21,2;90;89;89;71;1,7;,1;
2025/05/04;1200 UTC;0;1002,8;1002,9;1002,7;;28,6;23,5;28,8;25,5;23,9;22,5;89;72;74;47;3,7;1,6;
2025/05/04;1300 UTC;0;1002,9;1003,1;1002,9;;29,2;23,1;29,2;28,1;23,5;22,6;74;69;70;88;3,7;1,3;
2025/05/04;1400 UTC;0;1002,5;1002,9;1002,5;;30,6;22,9;31;28,8;24;22,2;71;63;64;87;3,4;1,4;
2025/05/04;1500 UTC;0;1001,8;1002,5;1001,8;;32,2;22,7;32,3;30,1;23,9;22,3;66;57;57;67;4,4;1,9;
2025/05/04;1600 UTC;0;1000,6;1001,8;1000,6;;32,2;22,6;32,7;30,7;23,4;21,7;63;55;57;70;5;2,2;
2025/05/04;1700 UTC;0;999,7;1000,6;999,7;;31,7;21,8;32,7;31,6;23,3;21,3;59;52;56;132;5;2,4;
2025/05/04;1800 UTC;0;999,1;999,7;999,1;;32,7;21,8;33,5;31,7;22,7;20,9;57;50;53;120;6,9;3;
2025/05/04;1900 UTC;0;998,3;999,1;998,3;;32,8;20,7;33;32,4;22;20,7;54;49;49;89;5,9;2,6;
2025/05/04;2000 UTC;0;998,2;998,3;998,1;;32,5;21;32,8;32,4;21,2;20,2;52;48;51;98;6,8;2,4;
2025/05/04;2100 UTC;0;998,3;998,4;998,2;;31;21,4;32,5;31;21,4;20,5;57;49;57;100;4,3;1,2;
2025/05/04;2200 UTC;0;998,9;998,9;998,3;;29,2;21,8;31;29,2;21,8;21,3;65;56;65;108;2,2;0;
2025/05/04;2300 UTC;0;1000;1000;998,9;;27,4;22,4;29,2;27,4;22,4;21,9;74;65;74;72;0;0;
2025/05/05;0000 UTC;0;1000,9;1000,9;1000;;26,1;22,8;27,4;26;22,9;22,4;82;74;82;223;0;0;
2025/05/05;0100 UTC;0;1001,3;1001,3;1001;;25,5;22,9;26,2;25,5;23;22,7;85;82;85;231;1,6;,5;
2025/05/05;0200 UTC;0;1001,8;1001,9;1001,3;;25,2;22,9;25,6;25,2;23,2;22,9;87;85;87;185;1,6;0;
2025/05/05;0300 UTC;0;1002;1002,5;1001,8;;24,9;22;25,2;24,9;23;21,9;88;83;84;83;6,1;,9;
2025/05/05;0400 UTC;0;1001,9;1002,3;1001,8;;24,5;21,2;25,4;24,5;22,4;21,2;84;81;82;101;8,1;3,9;
2025/05/05;0500 UTC;6,4;1001,8;1002,2;1001,6;;23,7;21,5;24,5;23,4;22;20,6;88;81;87;64;8,1;4,2;
2025/05/05;0600 UTC;1,6;1000,8;1001,8;1000,8;;23,3;21,3;23,7;23,2;21,5;21,2;89;87;89;78;7,3;,8;
2025/05/05;0700 UTC;0;1000,4;1000,9;1000,4;;23,3;21,5;23,3;23,1;21,5;21,2;89;89;89;286;3;,2;
2025/05/05;0800 UTC;0;1001;1001;1000,4;;23,4;21,6;23,5;23,3;21,6;21,4;89;89;89;274;2,4;,2;
2025/05/05;0900 UTC;0;1001,4;1001,4;1000,9;;22,9;21,2;23,4;22,9;21,6;21,2;90;89;90;231;1,5;,8;
2025/05/05;1000 UTC;0;1002,3;1002,3;1001,4;;23,2;21,5;23,2;22,8;21,5;21,1;90;90;90;232;1,4;0;
2025/05/05;1100 UTC;0;1003,1;1003,1;1002,3;;25;22,9;25;23,1;23,2;21,4;90;88;88;290;0;0;
2025/05/05;1200 UTC;0;1003,8;1003,8;1003,1;;27,7;22,6;27,8;25;24,1;22,6;88;74;74;53;1,7;,1;
2025/05/05;1300 UTC;0;1003,8;1003,9;1003,8;;28;22,7;28,7;27,2;23,3;21,9;75;71;73;67;3,5;1,8;
2025/05/05;1400 UTC;0;1003,7;1003,8;1003,6;;29,8;22,7;30,1;28;23,9;22,4;75;66;66;38;4,9;2,5;
2025/05/05;1500 UTC;0;1003,1;1003,7;1003,1;;29,7;23,3;31,1;29,3;24;22,2;69;62;68;33;4,9;1,6;
2025/05/05;1600 UTC;0;1001,9;1003,1;1001,9;;31,8;22,6;31,9;29,8;24,2;21,9;69;58;59;76;4,7;1,3;
2025/05/05;1700 UTC;0;1000,7;1001,9;1000,7;;31,2;22;32,5;30,8;23,6;21,6;61;54;58;84;4,2;,7;
2025/05/05;1800 UTC;0;999,4;1000,7;999,4;;32,6;22,4;32,6;30,9;23,1;21,3;61;53;55;74;3,2;,7;
2025/05/05;1900 UTC;0;998,5;999,4;998,5;;32,5;21;33,2;31,8;22,6;20,6;56;49;51;103;3,8;,9;
2025/05/05;2000 UTC;0;998,4;998,7;998,3;;31,8;21,2;33,1;31,8;21,6;20,5;53;49;53;99;4,7;1,6;
2025/05/05;2100 UTC;0;998,7;998,7;998,4;;31,1;21,7;31,9;31,1;22,1;20,8;58;52;57;132;2,7;,2;
2025/05/05;2200 UTC;0;999,6;999,6;998,7;;29,2;22,9;31,1;29,2;22,9;21,6;69;57;69;37;1,2;0;
2025/05/05;2300 UTC;0;1000,1;1000,1;999,6;;27,7;23,3;29,2;27,7;23,5;22,9;77;69;77;77;0;0;
2025/05/06;0000 UTC;0;1001;1001;1000,1;;26,6;23,2;27,7;26,6;23,3;23,1;81;77;81;75;0;0;
2025/05/06;0100 UTC;0;1001,2;1001,2;1000,9;;26,3;23,3;26,6;26,3;23,4;23,1;83;81;83;62;0;0;
2025/05/06;0200 UTC;0;1001;1001,2;1001;;25,7;23,2;26,3;25,7;23,4;23,1;86;83;86;193;0;0;
2025/05/06;0300 UTC;0;1001;1001,1;1000,9;;25,2;23;25,7;25,2;23,2;23;88;86;88;198;0;0;
2025/05/06;0400 UTC;0;1001;1001,3;1001;;25,5;23,4;25,5;25,1;23,4;23;89;88;88;1;0;0;
2025/05/06;0500 UTC;0;1000,1;1001;1000,1;;25,3;22,5;25,5;25,3;23,4;22,5;88;84;84;19;3,2;,6;
2025/05/06;0600 UTC;0;1000,3;1000,4;999,8;;25,1;22,3;25,3;25,1;22,5;22,3;85;84;85;38;2,7;1,1;
2025/05/06;0700 UTC;0;1000,2;1000,4;1000;;24,8;22,3;25,1;24,8;22,4;22,3;86;85;86;125;3;,8;
2025/05/06;0800 UTC;0;1000,5;1000,5;1000,2;;24,8;22,4;24,9;24,8;22,5;22,3;86;86;86;156;1,7;,1;
2025/05/06;0900 UTC;0;1000,7;1000,8;1000,5;;24,7;22,3;24,9;24,7;22,5;22,3;87;86;87;84;1,8;0;
2025/05/06;1000 UTC;0;1001,5;1001,5;1000,7;;24,9;22,7;24,9;24,6;22,7;22,3;88;87;88;182;,7;0;
2025/05/06;1100 UTC;0;1002,3;1002,3;1001,5;;26,5;23,6;26,5;24,8;23,6;22,6;88;84;84;140;,7;0;
2025/05/06;1200 UTC;0;1003;1003;1002,3;;27,9;22,4;28,3;26,5;23,5;22,2;84;72;72;68;4,9;2,9;
2025/05/06;1300 UTC;0;1003,1;1003,1;1003;;28,6;22,5;28,6;27,4;22,7;21,8;74;69;70;72;5,5;3,2;
2025/05/06;1400 UTC;0;1003,1;1003,2;1003,1;;29,7;22,8;29,8;28,1;23;21,7;70;65;66;62;6;3,1;
2025/05/06;1500 UTC;0;1002,4;1003,1;1002,4;;29,9;22,7;30,2;29;23,2;22,2;68;64;65;33;5,4;1,6;
2025/05/06;1600 UTC;0;1001,1;1002,4;1001,1;;30,5;21,8;30,8;29,8;23,2;21,8;66;59;60;89;5,2;2,4;
2025/05/06;1700 UTC;0;999,9;1001,1;999,9;;30,7;22,8;31,4;30;22,8;21,6;63;58;63;75;5,2;3,1;
2025/05/06;1800 UTC;0;998,5;999,9;998,5;;31,1;22,7;32,1;30,5;22,9;21,3;63;56;61;96;5,4;2,8;
2025/05/06;1900 UTC;0;997,9;998,5;997,9;;31,5;23,8;31,8;30,9;23,8;21,6;64;56;64;185;5,2;1,6;
2025/05/06;2000 UTC;0;997,6;998;997,4;;31;21,3;31,8;30,9;23,7;20,9;64;55;56;106;5,1;2,5;
2025/05/06;2100 UTC;0;998,3;998,3;997,6;;29,6;22,2;31;29,6;22,3;21,2;65;56;65;81;4,7;1,2;
2025/05/06;2200 UTC;0;999,4;999,4;998,3;;28;22,3;29,6;28;22,5;22;71;64;71;75;2,2;0;
2025/05/06;2300 UTC;0;999,8;999,8;999,4;;26,7;22,6;28;26,7;22,8;22,3;78;71;78;115;0;0;
2025/05/07;0000 UTC;0;1000,7;1000,7;999,8;;25,9;22,6;26,7;25,9;22,9;22,6;82;78;82;355;0;0;
2025/05/07;0100 UTC;0;1001,7;1001,7;1000,7;;25,2;22,7;25,9;25,1;22,8;22,5;86;82;86;219;0;0;
2025/05/07;0200 UTC;0;1001,9;1001,9;1001,7;;24,7;22,6;25,2;24,7;22,8;22,5;88;86;88;186;0;0;
2025/05/07;0300 UTC;0;1001,5;1001,9;1001,4;;24,5;22,4;24,7;24,5;22,6;22,4;88;88;88;151;0;0;
2025/05/07;0400 UTC;0;1000,7;1001,5;1000,7;;24,1;22,2;24,5;24;22,4;22,1;89;88;89;228;1,6;,3;
2025/05/07;0500 UTC;0;1000,6;1000,8;1000,5;;24,2;22,4;24,2;23,8;22,4;21,9;90;89;90;350;6;1,1;
2025/05/07;0600 UTC;0;1000,5;1000,7;1000,5;;24,3;22,3;24,4;24,2;22,6;22,3;90;89;89;41;6;,5;
2025/05/07;0700 UTC;0;1000,6;1000,6;1000,5;;24,5;22,5;24,5;24,3;22,5;22,3;89;88;89;203;1,6;0;
2025/05/07;0800 UTC;0;1000,7;1000,8;1000,5;;24,3;22,2;24,6;24,3;22,5;22,2;89;88;88;316;0;0;
2025/05/07;0900 UTC;0;1001,4;1001,4;1000,7;;24,2;22,3;24,4;24,1;22,4;22,1;89;88;89;230;0;0;
2025/05/07;1000 UTC;0;1002,4;1002,4;1001,4;;24,4;22,6;24,5;24,1;22,7;22,2;90;89;90;142;1,3;0;
2025/05/07;1100 UTC;0;1002,8;1002,8;1002,3;;25,9;23,4;26,2;24,4;24;22,6;90;86;86;230;0;0;
2025/05/07;1200 UTC;0;1002,8;1002,9;1002,7;;28,3;23;28,6;25,9;24,2;22,6;87;73;73;40;3,7;1,4;
2025/05/07;1300 UTC;0;1003;1003,1;1002,8;;28,2;23;28,9;27,8;23,3;22,2;74;71;73;71;6,8;3,8;
2025/05/07;1400 UTC;0;1002,8;1003;1002,8;;29,2;23;29,3;28,2;23,3;22,3;74;67;69;78;6,8;2,9;
2025/05/07;1500 UTC;0;1002,1;1002,8;1002,1;;30,3;22,7;31,4;29,1;23,9;22,1;69;61;64;61;5,6;3,1;
2025/05/07;1600 UTC;0;1001;1002,1;1001;;31,3;22,9;31,5;30,3;23,4;21,9;64;59;61;88;5,6;1,7;
2025/05/07;1700 UTC;0;999,8;1001;999,8;;32;21,7;32,4;30,6;23,4;21,1;63;53;54;68;4,9;2;
2025/05/07;1800 UTC;0;998,8;999,8;998,8;;32,1;20,8;32,8;31,9;23,2;20,6;59;50;52;95;5;1,8;
2025/05/07;1900 UTC;0;998,1;998,8;998;;32,2;22,2;33,3;31,4;23;20,8;57;50;56;132;4,7;1,8;
2025/05/07;2000 UTC;0;998,1;998,1;997,9;;32,1;21,3;32,9;32,1;22,4;20,8;56;50;53;120;4,3;2,1;
2025/05/07;2100 UTC;0;998,3;998,3;998;;30,5;21,6;32,1;30,5;21,6;20,5;59;51;59;98;4,8;1,5;
2025/05/07;2200 UTC;0;999,3;999,3;998,3;;28,8;21,9;30,5;28,8;22;21,6;66;59;66;98;2,6;,1;
2025/05/07;2300 UTC;0;1000,1;1000,1;999,3;;27,4;22,3;28,8;27,4;22,3;21,7;74;66;74;111;1;0;
2025/05/08;0000 UTC;0;1001,4;1001,4;1000,2;;26,3;22,6;27,4;26,3;22,8;22,3;80;74;80;34;0;0;
2025/05/08;0100 UTC;0;1001,7;1001,7;1001,4;;26;22,5;26,4;26;22,7;22,5;81;80;81;26;0;0;
2025/05/08;0200 UTC;0;1001,8;1001,8;1001,5;;25;22,6;26;25;22,7;22,4;86;81;86;216;0;0;
2025/05/08;0300 UTC;0;1001,2;1001,9;1001,2;;24,7;22,4;25,1;24,7;22,7;22,4;87;86;87;218;0;0;
2025/05/08;0400 UTC;0;1001,1;1001,3;1001,1;;24,3;22,3;24,8;24,2;22,5;22,2;89;87;89;224;0;0;
2025/05/08;0500 UTC;0;1000,5;1001,1;1000,5;;24,2;22,2;24,3;24,1;22,4;22,1;89;88;89;219;0;0;
2025/05/08;0600 UTC;0;1000,5;1000,7;1000,3;;24,3;22,4;24,3;23,9;22,4;22;90;89;89;55;5,6;2,4;
2025/05/08;0700 UTC;0;1000,5;1000,6;1000,4;;24,7;22,5;24,7;24,3;22,6;22,4;89;88;88;22;5,6;,4;
2025/05/08;0800 UTC;0;1000,9;1000,9;1000,5;;24,5;22,3;24,7;24,5;22,5;22,2;88;87;87;35;2,1;,5;
2025/05/08;0900 UTC;0;1001,7;1001,7;1000,9;;24,2;22,1;24,6;24,2;22,4;22,1;88;87;88;64;1,4;0;
2025/05/08;1000 UTC;0;1002,4;1002,4;1001,6;;24,6;22,6;24,6;24,2;22,6;22,1;89;88;89;148;1,4;0;
2025/05/08;1100 UTC;0;1002,9;1002,9;1002,4;;25,6;23,4;25,6;24,5;23,4;22,5;89;88;88;290;0;0;
2025/05/08;1200 UTC;0;1003,7;1003,7;1002,9;;28,4;23,3;28,9;25,6;24,4;22,7;88;72;74;83;3,3;1,3;
2025/05/08;1300 UTC;0;1003,6;1003,8;1003,6;;29,7;22,4;30,2;28,4;23,8;22,4;74;65;65;92;5,2;2,8;
2025/05/08;1400 UTC;0;1003,1;1003,6;1003,1;;30;22,3;31,1;29,3;23,9;22,1;68;63;64;44;5,2;1;
2025/05/08;1500 UTC;0;1002,3;1003,1;1002,3;;32,3;22,3;32,4;29,6;23,4;22;67;56;56;135;3,8;1,2;
2025/05/08;1600 UTC;0;1001,3;1002,3;1001,3;;33,1;22,7;33,3;31;23,9;21,7;64;53;54;74;5,4;1,8;
2025/05/08;1700 UTC;0;1000;1001,3;1000;;32,8;23;33,4;32,4;23,2;20,9;58;51;56;122;5,5;1,8;
2025/05/08;1800 UTC;1,6;998,9;1000;998,9;;27,1;23,5;32,8;26,6;23,5;20,8;80;54;80;16;7,8;,9;
2025/05/08;1900 UTC;0;998;999;998;;28,5;23,3;28,5;26,5;23,7;22,5;81;74;74;284;3;,7;
2025/05/08;2000 UTC;0;997,7;998,1;997,7;;29;23,4;29,6;28,5;24,2;22,6;75;66;72;315;2,5;,8;
2025/05/08;2100 UTC;0;998,8;998,9;997,4;;28,5;23,2;29,6;28;24,4;23;78;70;73;21;2,6;,6;
2025/05/08;2200 UTC;0;998,6;998,8;998,4;;26,9;23,2;28,5;26,9;23,7;23,2;81;73;80;2;3;,5;
2025/05/08;2300 UTC;0;1000,1;1000,1;998,6;;26,6;23,1;27;26,4;23,2;22,9;82;79;81;351;3,2;,6;
2025/05/09;0000 UTC;0;1001,2;1001,2;1000,1;;26,1;23,2;26,7;26,1;23,2;23;84;81;84;57;1,9;0;
2025/05/09;0100 UTC;0;1001,5;1001,7;1001,2;;26;22,9;26,1;25,9;23,2;22,9;85;83;83;2;1,9;,3;
2025/05/09;0200 UTC;0;1001,9;1001,9;1001,5;;25,5;22,9;26;25,5;23;22,8;86;83;86;16;1,9;0;
2025/05/09;0300 UTC;0;1001,6;1001,9;1001,6;;25;22,8;25,5;25;22,9;22,7;88;86;88;293;1,4;0;
2025/05/09;0400 UTC;0;1001,1;1001,6;1001,1;;24,8;22,7;25;24,7;22,8;22,6;88;88;88;358;0;0;
2025/05/09;0500 UTC;0;1000,7;1001,1;1000,6;;24,6;22,3;24,8;24,6;22,7;22,3;88;87;87;25;2,2;,3;
2025/05/09;0600 UTC;0;1000,7;1001;1000,5;;24,4;22,3;24,6;24,4;22,4;22,2;88;87;88;291;3,8;0;
2025/05/09;0700 UTC;0;1000,1;1000,7;1000,1;;24,1;21,9;24,4;24,1;22,3;21,9;88;88;88;307;1,3;0;
2025/05/09;0800 UTC;0;1000,6;1000,6;1000,1;;23,9;21,9;24,1;23,9;22;21,9;89;88;89;50;2,2;0;
2025/05/09;0900 UTC;0;1001;1001;1000,6;;23,9;22;23,9;23,8;22;21,9;89;89;89;322;1,7;0;
2025/05/09;1000 UTC;0;1001,7;1001,7;1001;;24,1;22,2;24,1;23,7;22,2;21,8;89;89;89;301;1,1;0;
2025/05/09;1100 UTC;0;1002,6;1002,6;1001,7;;26,1;22,9;26,3;24,1;23,4;22,2;89;83;83;315;1,3;0;
2025/05/09;1200 UTC;0;1003,2;1003,2;1002,6;;28,2;22,9;28,5;26;23,9;22,5;83;73;73;42;4,1;2,1;
2025/05/09;1300 UTC;0;1003,4;1003,4;1003,2;;30,1;23,6;30,5;28,1;24,3;22,8;74;67;68;25;6,3;2,7;
2025/05/09;1400 UTC;0;1003,3;1003,5;1003,3;;30,1;23,5;30,4;29,2;23,8;22,6;70;65;68;39;6,7;1,9;
2025/05/09;1500 UTC;0;1002,6;1003,3;1002,6;;31,8;23;32,1;29,9;24,1;22,5;68;60;60;29;4,6;2,3;
2025/05/09;1600 UTC;0;1001,5;1002,6;1001,5;;31,8;22,6;32,7;30,7;24,6;22,4;64;57;58;4;4,6;1,7;
2025/05/09;1700 UTC;3,8;1000,5;1001,5;1000,5;;27,9;23,1;33,4;27,5;24,1;22;77;55;75;270;7,5;,8;
2025/05/09;1800 UTC;0;999,2;1000,6;999,2;;30,5;23,8;31,1;27,8;24,8;23;80;64;68;50;4,2;0;
2025/05/09;1900 UTC;0;998,7;999,4;998,6;;29,6;22,6;30,6;29,5;24,8;22,4;73;65;66;72;6,1;,9;
2025/05/09;2000 UTC;0;999,3;999,4;998,7;;28,7;23,1;29,6;28,7;23,1;21,6;72;64;72;269;3;0;
2025/05/09;2100 UTC;0;1000,5;1000,5;999,3;;27,9;24,1;28,8;27,9;24,4;22,7;80;71;80;157;1,3;0;
2025/05/09;2200 UTC;0;1001;1001;1000,5;;26,2;22,6;27,9;26,2;24,2;22,6;81;79;81;31;6,3;1,8;
2025/05/09;2300 UTC;0;1002,4;1002,4;1001;;26,1;22,7;26,4;26,1;22,7;22,6;82;80;82;57;3,2;0;
2025/05/10;0000 UTC;0;1003,4;1003,4;1002,4;;25,9;22,9;26,1;25,7;23;22,6;85;82;84;326;0;0;
2025/05/10;0100 UTC;0;1003,8;1003,9;1003,4;;25,3;22,3;25,8;25,2;22,9;22,3;85;84;84;334;2,7;0;
2025/05/10;0200 UTC;0;1004,8;1004,8;1003,8;;25,1;22,4;25,3;25,1;22,4;22,2;85;83;85;293;1,3;0;
2025/05/10;0300 UTC;0;1004,3;1004,9;1004,3;;25,2;22,7;25,2;25;22,7;22,4;86;85;86;14;1,8;,3;
2025/05/10;0400 UTC;0;1003,6;1004,4;1003,6;;24,9;22,4;25,3;24,9;22,7;22,3;86;85;86;39;4;1,3;
2025/05/10;0500 UTC;,4;1002,9;1003,6;1002,9;;24,7;22,4;24,9;24,7;22,4;22,3;87;86;87;33;4,1;1,4;
2025/05/10;0600 UTC;0;1002,4;1002,9;1002,4;;24,6;22,4;24,7;24,6;22,5;22,4;88;87;88;9;3,6;,7;
2025/05/10;0700 UTC;0;1002,6;1002,6;1002,3;;24,5;22,4;24,6;24,5;22,5;22,3;88;88;88;50;2,2;,2;
2025/05/10;0800 UTC;0;1002,7;1002,8;1002,6;;24,4;22,4;24,7;24,4;22,6;22,3;89;88;89;276;1,5;0;
2025/05/10;0900 UTC;0;1002,9;1002,9;1002,7;;24,3;22,3;24,4;24,2;22,4;22,3;89;88;89;304;0;0;
2025/05/10;1000 UTC;0;1003,5;1003,5;1002,8;;24,2;22,3;24,4;24,2;22,4;22,2;89;89;89;256;2,4;0;
2025/05/10;1100 UTC;0;1004,7;1004,7;1003,5;;25,1;22,9;25,2;24,2;23;22,3;89;87;87;231;0;0;
2025/05/10;1200 UTC;0;1005,3;1005,3;1004,6;;26,8;22,6;26,9;25,1;23,4;22,3;88;77;78;79;2,9;1,7;
2025/05/10;1300 UTC;0;1005,5;1005,5;1005,3;;28,8;23;28,9;26,8;23,8;22;78;69;71;77;3,8;,3;
2025/05/10;1400 UTC;0;1005,1;1005,5;1005,1;;30,6;23;31;28,7;24,1;22,1;72;61;64;59;3,6;1;
2025/05/10;1500 UTC;0;1004,3;1005,1;1004,3;;31,5;23,3;31,7;29,9;23,7;22;66;59;62;61;3,9;,9;
2025/05/10;1600 UTC;0;1003,2;1004,3;1003,2;;31,3;23,1;32;30,1;24;22;64;59;62;101;4,6;1,4;
2025/05/10;1700 UTC;0;1002,2;1003,2;1002,2;;32,6;23,4;32,9;30,9;23,7;21,7;62;55;58;89;4;1,7;
2025/05/10;1800 UTC;0;1001,2;1002,2;1001,2;;32,1;22,4;33,5;31,7;24,2;21,9;61;53;57;165;5;,9;
2025/05/10;1900 UTC;0;1000,5;1001,2;1000,5;;31,9;22,7;33,6;31,6;23,6;21,4;59;52;58;165;3,3;,4;
2025/05/10;2000 UTC;1,4;1000,7;1000,8;1000,4;;27,8;23,8;32;27,6;23,8;22,5;79;58;79;268;6,6;,3;
2025/05/10;2100 UTC;0;1000,7;1000,9;1000,6;;27,6;24,5;28,2;27,4;24,7;23,6;83;77;83;226;2,1;,8;
2025/05/10;2200 UTC;0;1001,6;1001,7;1000,7;;27,3;24,4;27,6;27,2;24,6;24,1;85;83;84;166;1,4;0;
2025/05/10;2300 UTC;0;1002,2;1002,3;1001,6;;26,7;24,1;27,3;26,7;24,3;23,8;86;82;86;304;2,2;0;
2025/05/11;0000 UTC;0;1003,2;1003,2;1002,2;;26,4;24;26,7;26,3;24;23,8;86;85;86;141;1,4;0;
2025/05/11;0100 UTC;0;1003,7;1003,7;1003,2;;25,8;23,5;26,4;25,8;24;23,5;87;86;87;202;1,5;,5;
2025/05/11;0200 UTC;0;1003,8;1004,2;1003,7;;25,5;23,5;25,8;25,5;23,7;23,5;89;87;88;245;1,5;0;
2025/05/11;0300 UTC;0;1004;1004,1;1003,7;;25,3;23,3;25,6;25,3;23,5;23,3;88;88;88;287;0;0;
2025/05/11;0400 UTC;0;1003,7;1004,2;1003,7;;25,1;23,2;25,4;25,1;23,4;23,2;89;88;89;225;0;0;
2025/05/11;0500 UTC;0;1003;1003,7;1003;;24,7;22,9;25,1;24,7;23,2;22,9;90;89;90;323;0;0;
2025/05/11;0600 UTC;0;1003,2;1003,2;1002,9;;25,1;23,3;25,1;24,7;23,3;22,9;90;90;90;49;5,9;2,6;
2025/05/11;0700 UTC;,2;1003,2;1003,2;1003,1;;24,2;21,6;25,3;24,2;23,3;21,6;90;85;85;61;7,2;4,2;
2025/05/11;0800 UTC;0;1003,6;1004;1003,2;;24;21;24,2;23,8;21,5;20,8;85;83;83;49;7,2;1,6;
2025/05/11;0900 UTC;0;1003,6;1003,6;1003,3;;23,5;21;24;23,5;21,1;20,8;86;83;86;42;3,9;,9;
2025/05/11;1000 UTC;0;1003,8;1003,8;1003,5;;23,6;21,2;23,6;23,4;21,2;20,9;87;86;87;289;2,1;0;
2025/05/11;1100 UTC;0;1004,3;1004,3;1003,8;;24,9;21,8;24,9;23,6;22;21,3;87;83;83;3;0;0;
2025/05/11;1200 UTC;0;1005;1005;1004,3;;26,6;21,9;27,2;25;23,3;21,6;83;75;75;81;2,6;,6;
2025/05/11;1300 UTC;0;1005,3;1005,3;1005;;28,5;22,5;28,9;26,2;23,5;21,6;77;69;70;62;5;2;
2025/05/11;1400 UTC;0;1005,1;1005,3;1005,1;;29;22,6;29,7;28,1;23,5;22;73;66;68;79;5;2,5;
2025/05/11;1500 UTC;0;1004,6;1005,1;1004,6;;29,6;22,7;29,8;28,4;23,6;22,1;71;66;67;42;4,8;,4;
2025/05/11;1600 UTC;0;1003,6;1004,6;1003,6;;30,5;22,8;30,5;29;23,6;22,2;69;63;64;30;3,1;1,1;
2025/05/11;1700 UTC;0;1002,4;1003,6;1002,4;;30,8;23;31,1;30,1;23,5;22,2;67;61;63;194;3,1;,2;
2025/05/11;1800 UTC;0;1001,2;1002,3;1001,2;;31,7;22,3;32,1;29,9;23,8;22;67;57;57;35;2,7;,8;
2025/05/11;1900 UTC;0;1000,6;1001,2;1000,6;;30,4;23,1;32,3;29,9;23,5;21,9;67;56;65;28;6,6;2,1;
2025/05/11;2000 UTC;0;1000,7;1000,7;1000,4;;29,5;23,1;30,7;29,5;23,4;22,4;68;62;68;36;4,4;2,4;
2025/05/11;2100 UTC;0;1000,9;1000,9;1000,7;;27,6;22,3;29,5;27,6;23,2;22;73;69;73;41;6,2;1,4;
2025/05/11;2200 UTC;0;1001,7;1001,7;1000,9;;26,9;22,9;27,6;26,8;22,9;22,2;79;73;79;59;3,1;1,4;
2025/05/11;2300 UTC;0;1002,5;1002,5;1001,7;;26,4;23;26,9;26,4;23,1;22,9;81;79;81;41;3,1;,8;
2025/05/12;0000 UTC;0;1003,4;1003,4;1002,5;;26;23;26,4;26;23,1;23;84;81;84;40;2,2;1,3;
2025/05/12;0100 UTC;0;1003,9;1004,1;1003,5;;25,7;22,9;26;25,7;23;22,9;85;84;85;339;2;0;
2025/05/12;0200 UTC;0;1004;1004,2;1003,9;;25,3;22,9;25,7;25,3;23;22,9;87;85;87;208;0;0;
2025/05/12;0300 UTC;0;1003,9;1004;1003,9;;24,8;22,8;25,3;24,8;22,9;22,8;89;87;89;195;0;0;
2025/05/12;0400 UTC;0;1003,3;1004;1003,3;;24,7;22,8;24,9;24,7;22,9;22,8;89;89;89;238;0;0;
2025/05/12;0500 UTC;0;1002,5;1003,3;1002,5;;24,3;22,6;24,8;24,3;22,9;22,5;90;89;90;219;0;0;
2025/05/12;0600 UTC;0;1002;1002,5;1002;;24,2;22,5;24,3;24,1;22,6;22,4;90;90;90;274;0;0;
2025/05/12;0700 UTC;0;1001,9;1002;1001,8;;23,9;22,2;24,3;23,9;22,5;22,2;90;90;90;225;0;0;
2025/05/12;0800 UTC;0;1002;1002;1001,8;;23,9;22,3;23,9;23,9;22,3;22,2;91;90;91;266;0;0;
2025/05/12;0900 UTC;0;1002,3;1002,3;1002;;23,7;22,1;24;23,7;22,3;22,1;91;91;91;315;0;0;
2025/05/12;1000 UTC;0;1002,6;1002,6;1002,3;;23,8;22,2;23,9;23,6;22,3;22;91;91;91;196;0;0;
2025/05/12;1100 UTC;0;1003,1;1003,1;1002,6;;26,1;24,5;26,1;23,8;24,5;22,3;91;91;91;122;0;0;
2025/05/12;1200 UTC;0;1003,6;1003,6;1003,1;;28,6;23,7;28,7;26,1;25,4;23,6;91;75;75;80;2,6;,9;
2025/05/12;1300 UTC;0;1004;1004;1003,6;;29,4;22,2;30,3;28,2;23,9;22,1;75;63;65;61;5,1;2,7;
2025/05/12;1400 UTC;0;1003,8;1004;1003,8;;30,3;23;30,6;29;23,5;22,2;69;63;65;47;5,6;2,7;
2025/05/12;1500 UTC;0;1003,3;1003,8;1003,3;;30,4;22,3;31,2;29,5;23,7;22;67;61;62;65;5,6;1,6;
2025/05/12;1600 UTC;0;1002,3;1003,3;1002,3;;31,8;23,5;32,4;30,5;24,2;22;65;57;62;131;6,3;1,3;
2025/05/12;1700 UTC;,6;1001,2;1002,3;1001,2;;29,9;23;32,3;27;24,7;20,7;78;56;67;123;6,1;,9;
2025/05/12;1800 UTC;0;1000;1001,2;1000;;30,6;23;31,9;29,4;24,2;21,9;70;58;64;69;3,8;2;
2025/05/12;1900 UTC;0;999,3;1000;999,3;;31,4;23;31,5;30,5;23,7;22,4;66;60;61;66;5,7;3,1;
2025/05/12;2000 UTC;0;999,4;999,5;999,1;;30,6;22;31,7;30,6;23,4;21,4;62;56;60;95;7,1;3,9;
2025/05/12;2100 UTC;0;999,7;999,8;999,4;;27,4;20,9;30,6;27,4;21,9;20,6;68;60;68;86;7,6;1,7;
2025/05/12;2200 UTC;0;1000,4;1000,4;999,7;;26,5;21,2;27,4;26,5;21,3;20,9;73;68;73;111;2,8;,3;
2025/05/12;2300 UTC;0;1001,6;1001,6;1000,4;;25,9;21,6;26,5;25,8;21,8;21,2;78;73;78;74;1,9;1,2;
2025/05/13;0000 UTC;0;1001,7;1001,8;1001,5;;25,6;21,6;25,9;25,5;21,7;21,6;79;77;79;86;2,1;0;
2025/05/13;0100 UTC;0;1002,3;1002,4;1001,6;;24,8;21,9;25,6;24,6;22,1;21,6;85;79;84;258;2,3;,7;
2025/05/13;0200 UTC;0;1002,8;1002,8;1002,3;;24,4;22;24,9;24,4;22;21,8;86;84;86;195;1,6;0;
2025/05/13;0300 UTC;0;1002,8;1003;1002,8;;24,6;22;24,7;24,4;22,2;22;87;86;86;234;,6;0;
2025/05/13;0400 UTC;0;1002,3;1002,8;1002,3;;24,3;22,3;24,6;24,2;22,3;21,9;88;86;88;233;1;0;
2025/05/13;0500 UTC;0;1001,7;1002,3;1001,7;;24,3;22,3;24,4;24,3;22,4;22,2;89;88;88;208;1;0;
2025/05/13;0600 UTC;0;1001;1001,7;1000,9;;24;22,2;24,3;24;22,3;22,1;89;88;89;130;0;0;
2025/05/13;0700 UTC;0;1000,7;1001;1000,7;;23,7;21,9;24,1;23,6;22,2;21,8;90;89;90;238;1,2;0;
2025/05/13;0800 UTC;0;1000,8;1000,9;1000,6;;23,5;21,8;23,7;23,5;21,9;21,8;90;90;90;278;0;0;
2025/05/13;0900 UTC;0;1001,3;1001,3;1000,8;;23,1;21,5;23,6;23,1;21,9;21,5;90;90;90;237;,9;0;
2025/05/13;1000 UTC;0;1001,8;1001,8;1001,3;;23,5;21,8;23,5;23,1;21,8;21,4;91;90;90;236;1,9;0;
2025/05/13;1100 UTC;0;1002,3;1002,4;1001,8;;26,5;23,9;26,8;23,5;24,5;21,8;91;85;86;315;1,4;0;
2025/05/13;1200 UTC;0;1002,6;1002,6;1002,3;;28,1;22,7;28,6;25,8;24;22,6;85;72;73;279;2,1;,4;
2025/05/13;1300 UTC;0;1002,8;1002,8;1002,6;;30,1;23;30,1;27,8;23,8;22,1;74;64;66;89;3;1,6;
2025/05/13;1400 UTC;0;1002,5;1002,8;1002,5;;30,1;22,1;31,4;29,3;23,8;22;68;61;62;97;3,6;1,6;
2025/05/13;1500 UTC;0;1001,9;1002,5;1001,9;;30,7;22,3;31,8;29,7;23,4;21,6;66;58;61;99;4,5;1,8;
2025/05/13;1600 UTC;0;1000,9;1001,9;1000,9;;31,9;21,8;32,3;30,6;23,5;21,7;63;55;55;125;5,3;,7;
2025/05/13;1700 UTC;0;1000;1000,9;1000;;31,6;22,1;33,5;31,2;24,3;21,7;61;53;57;115;4,8;2;
2025/05/13;1800 UTC;0;998,5;1000;998,5;;33;22,4;33,5;31,4;22,9;21,3;58;51;54;95;5,1;1,8;
2025/05/13;1900 UTC;0;997,6;998,5;997,6;;32,5;21,3;33,3;32,1;22,9;21,3;56;51;52;86;5,1;2,4;
2025/05/13;2000 UTC;0;997,6;997,7;997,5;;32,4;21,9;32,7;32,2;22,4;21,3;56;52;54;110;4,5;2,4;
2025/05/13;2100 UTC;0;998,3;998,3;997,5;;30,6;22,2;32,5;30,6;22,2;21,4;61;53;61;100;4,8;1,4;
2025/05/13;2200 UTC;0;999;999;998,3;;28,8;22,4;30,6;28,8;22,4;22;68;60;68;176;3;1;
2025/05/13;2300 UTC;0;999,8;999,8;998,9;;28;22,7;28,8;27,9;22,9;22,4;74;68;73;154;2,2;0;
2025/05/14;0000 UTC;0;1000,7;1000,8;999,8;;26,9;22,5;28;26,9;23;22,5;78;73;77;228;1,2;,1;
2025/05/14;0100 UTC;0;1001,9;1001,9;1000,7;;26,3;22,2;27;26,3;22,5;22,2;79;76;79;75;2,1;1,4;
2025/05/14;0200 UTC;0;1002,6;1002,6;1001,9;;25,9;21,8;26,3;25,9;22,3;21,8;79;77;78;24;3,4;1,3;
2025/05/14;0300 UTC;0;1002;1002,6;1002;;25,1;21,7;25,9;25,1;21,8;21,5;82;78;82;31;3,7;1,4;
2025/05/14;0400 UTC;0;1001;1002;1001;;24,7;21,8;25,1;24,7;21,9;21,7;84;82;84;43;2,8;0;
2025/05/14;0500 UTC;0;1000,5;1001,1;1000,5;;24,5;22;24,7;24,5;22;21,8;86;84;86;351;1,5;0;
2025/05/14;0600 UTC;0;1000,2;1000,5;1000,1;;24,4;22;24,5;24,2;22,1;21,9;87;86;87;54;0;0;
2025/05/14;0700 UTC;0;999,9;1000,2;999,8;;24,1;21,9;24,4;24,1;22,1;21,9;88;87;88;40;3,3;1,5;
2025/05/14;0800 UTC;0;1000,4;1000,4;999,9;;24;22;24,1;23,9;22;21,8;89;88;89;322;2,8;,2;
2025/05/14;0900 UTC;0;1000,6;1000,6;1000,3;;23,7;21,8;24;23,7;22;21,7;89;88;89;295;1,2;0;
2025/05/14;1000 UTC;0;1001;1001;1000,6;;24,1;22,3;24,2;23,6;22,3;21,7;90;89;89;309;1,1;0;
2025/05/14;1100 UTC;0;1001,4;1001,4;1001;;24,6;22,3;24,6;24;22,4;22;89;87;87;309;2,3;,5;
2025/05/14;1200 UTC;0;1002;1002;1001,4;;25,9;22,4;25,9;24,6;22,8;22;87;80;81;34;3,6;1,8;
2025/05/14;1300 UTC;0;1002,3;1002,3;1002;;27,7;22,3;28,1;25,9;23,1;22,1;81;72;73;60;4,3;1,4;
2025/05/14;1400 UTC;0;1002,4;1002,5;1002,3;;27,8;22,5;28,1;27,2;22,8;22;75;72;73;52;3,7;,8;
2025/05/14;1500 UTC;0;1001,7;1002,4;1001,7;;29,4;22,8;30,4;27,8;24;22,4;74;66;67;43;5,7;,9;
2025/05/14;1600 UTC;0;1000,8;1001,7;1000,8;;30,3;22,7;31;29,3;23,7;22,3;68;62;64;26;4;1;
2025/05/14;1700 UTC;0;999,5;1000,8;999,5;;31,3;22,8;32,2;29,9;23,6;21,9;65;57;61;11;4,7;1;
2025/05/14;1800 UTC;0;998,2;999,5;998,2;;31,5;22,4;32,6;31,1;23;21,3;61;54;58;52;4,3;1,9;
2025/05/14;1900 UTC;0;998,2;998,2;997,8;;29,2;22,3;32,4;29,2;22,9;21,5;67;55;66;192;8,5;3,7;
2025/05/14;2000 UTC;0;998,3;998,4;998,1;;28,7;23;29,2;28;23,9;22;75;66;71;214;8,5;1,3;
2025/05/14;2100 UTC;0;998,8;998,8;998,3;;27,6;22,3;29,2;27,6;23,2;22;73;68;73;222;4,4;1;
2025/05/14;2200 UTC;0;999,8;999,8;998,8;;26,1;22,7;27,6;26,1;22,7;22,2;82;73;82;259;1,9;0;
2025/05/14;2300 UTC;0;1000,6;1000,6;999,8;;25,7;22,6;26,1;25,6;22,7;22,4;83;82;83;223;2,1;0;
2025/05/15;0000 UTC;0;1001,7;1001,7;1000,6;;25,3;22,6;25,8;25,2;22,7;22,4;85;83;85;213;0;0;
2025/05/15;0100 UTC;0;1002,2;1002,2;1001,6;;24,9;22,7;25,3;24,9;22,7;22,5;88;85;88;231;1,3;,1;
2025/05/15;0200 UTC;0;1002,5;1002,5;1002,2;;24,8;22,7;25;24,8;22,8;22,7;88;87;88;278;1;0;
2025/05/15;0300 UTC;0;1003,2;1003,2;1002,5;;25,2;22,5;25,3;24,7;23;22,5;88;85;85;38;6,8;3,5;
2025/05/15;0400 UTC;2;1003;1003,4;1003;;23,5;21,1;25,2;23,5;22,4;21;86;82;86;35;10;2,8;
2025/05/15;0500 UTC;,4;1001,8;1003;1001,8;;23,3;21,2;23,6;23,3;21,3;21,1;88;86;88;137;5,9;0;
2025/05/15;0600 UTC;0;1001,1;1001,8;1001,1;;23,2;21,3;23,3;23,2;21,4;21,2;89;88;89;38;2,3;,6;
2025/05/15;0700 UTC;0;1000,7;1001,1;1000,6;;23,2;21,3;23,2;23,1;21,4;21,3;90;89;89;261;2,6;0;
2025/05/15;0800 UTC;0;1000,8;1000,8;1000,6;;23,1;21,3;23,3;23,1;21,5;21,3;90;89;90;219;0;0;
2025/05/15;0900 UTC;0;1001,1;1001,1;1000,8;;22,9;21,2;23,1;22,9;21,3;21,2;90;90;90;218;1,5;0;
2025/05/15;1000 UTC;0;1001,6;1001,6;1001,1;;23;21,4;23;22,8;21,4;21,2;90;90;90;213;0;0;
2025/05/15;1100 UTC;0;1002,1;1002,1;1001,6;;24,2;22,3;24,5;23;22,8;21,3;91;89;89;194;1,7;0;
2025/05/15;1200 UTC;,2;1002,5;1002,5;1002,1;;27,2;22,9;27,2;24;23,4;22,1;90;77;77;113;2,5;,5;
2025/05/15;1300 UTC;0;1002,3;1002,6;1002,3;;28,6;22,5;29,2;27,2;23,4;22;78;68;70;59;3,9;2,1;
2025/05/15;1400 UTC;0;1002,1;1002,3;1002,1;;30;23,2;30;28,1;23,5;22,1;72;64;67;69;3,9;1,5;
2025/05/15;1500 UTC;0;1001,9;1002,1;1001,9;;30,4;22;32,1;29,8;23,8;21,9;67;57;61;54;3,6;1,7;
2025/05/15;1600 UTC;0;1001;1001,9;1001;;31,5;23,1;31,5;29,8;23,7;21,8;65;59;61;172;4,1;0;
2025/05/15;1700 UTC;0;1000,1;1001;1000,1;;31,2;22,2;32,4;31,1;23,6;21,7;62;56;59;131;5,9;2,3;
2025/05/15;1800 UTC;0;998,9;1000,1;998,9;;30,5;21,2;33,5;30,5;24,3;21,2;64;51;58;105;8,6;3,4;
2025/05/15;1900 UTC;0;998,9;999;998,7;;27,5;22,1;30,5;27,4;22,6;21;73;58;73;66;8,6;3,6;
2025/05/15;2000 UTC;0;998,5;999,2;998,2;;27,4;21;27,7;26,8;22,7;20,2;76;66;68;73;7,5;1,6;
2025/05/15;2100 UTC;0;999;999;998,5;;26,9;22,5;27,7;26,9;22,5;20,9;77;68;77;118;3;1,1;
2025/05/15;2200 UTC;0;999,4;999,4;999;;25,7;22,6;26,9;25,7;22,8;22,5;83;77;83;217;2,5;,9;
2025/05/15;2300 UTC;0;1000,5;1000,5;999,4;;25,5;22,1;25,7;25,4;22,6;22,1;83;82;82;182;1,8;0;
2025/05/16;0000 UTC;0;1001,3;1001,3;1000,5;;25,1;22,4;25,5;25,1;22,4;22,1;85;82;85;307;1,2;,4;
2025/05/16;0100 UTC;0;1001,6;1001,7;1001,3;;24,9;22,4;25,2;24,8;22,4;22,2;86;85;86;174;1,2;0;
2025/05/16;0200 UTC;0;1001,8;1001,9;1001,6;;24,6;22,4;24,9;24,6;22,5;22,3;87;86;87;172;0;0;
2025/05/16;0300 UTC;0;1002;1002,1;1001,8;;24,5;22,4;24,7;24,5;22,5;22,3;88;87;88;73;0;0;
2025/05/16;0400 UTC;0;1001,8;1002;1001,8;;24,5;22,4;24,5;24,4;22,5;22,3;89;88;89;24;0;0;
2025/05/16;0500 UTC;0;1001,1;1001,8;1001,1;;24,2;22,3;24,5;24,2;22,5;22,3;89;88;89;200;0;0;
2025/05/16;0600 UTC;0;1000,7;1001,1;1000,7;;24,2;22,4;24,3;24,1;22,4;22,2;90;89;90;278;0;0;
2025/05/16;0700 UTC;0;1000,6;1000,7;1000,4;;24,1;22,3;24,2;24;22,4;22,2;90;89;90;74;0;0;
2025/05/16;0800 UTC;0;1000,8;1000,9;1000,7;;24,1;22,4;24,2;24,1;22,4;22,3;90;90;90;284;2,5;0;
2025/05/16;0900 UTC;0;1001,3;1001,4;1000,8;;24;22,3;24,2;24;22,4;22,2;90;90;90;209;,8;0;
2025/05/16;1000 UTC;0;1002,2;1002,2;1001,3;;24;22,3;24;23,9;22,3;22,2;90;90;90;226;0;0;
2025/05/16;1100 UTC;0;1002,6;1002,6;1002,2;;25,4;23,6;25,5;23,9;23,7;22,2;90;90;90;251;0;0;
2025/05/16;1200 UTC;5,8;1003,6;1003,7;1002,6;;23,1;21,3;25,8;23;23,8;21;90;86;89;80;9,8;,6;
2025/05/16;1300 UTC;1,2;1003,2;1003,6;1003,2;;24,4;22,5;24,5;23,1;22,7;21,2;90;89;89;48;2,9;1,8;
2025/05/16;1400 UTC;0;1003;1003,2;1002,6;;27,2;22,6;27,4;24,4;24,2;22,6;90;76;76;305;2,8;0;
2025/05/16;1500 UTC;0;1002,5;1003,1;1002,5;;29,6;24;29,6;27,2;24,4;22,1;78;69;72;121;3,9;,9;
2025/05/16;1600 UTC;0;1001,8;1002,5;1001,8;;30,4;23,1;30,6;29,1;24,1;22,4;72;64;65;114;3,7;1,3;
2025/05/16;1700 UTC;0;1000,7;1001,8;1000,7;;30,3;22,5;30,6;29,7;23,4;22,4;68;62;63;104;2,9;1;
2025/05/16;1800 UTC;0;999,8;1000,7;999,7;;28,1;22;31,3;28,1;23,9;20,8;72;60;69;114;6,7;1,6;
2025/05/16;1900 UTC;0;999,4;999,9;999,3;;27,7;22,4;28,5;27,7;22,7;21,7;73;68;73;182;3,9;1,6;
2025/05/16;2000 UTC;0;999,1;999,5;999,1;;27,3;22,5;27,8;27,3;22,8;22,3;76;73;75;295;3,9;,1;
2025/05/16;2100 UTC;0;999,3;999,3;999;;26,4;22,8;27,3;26,3;22,9;22,6;81;75;81;232;1,7;0;
2025/05/16;2200 UTC;0;999,5;999,5;999,2;;25,2;22,4;26,4;25,2;22,9;22,4;84;81;84;237;0;0;
2025/05/16;2300 UTC;0;1000,4;1000,4;999,5;;25,1;22,3;25,3;25,1;22,5;22,2;85;83;84;253;0;0;
2025/05/17;0000 UTC;0;1000,8;1000,8;1000,3;;24,9;22,4;25,2;24,9;22,4;22,2;86;84;86;179;0;0;
2025/05/17;0100 UTC;0;1001,5;1001,5;1000,8;;24,8;22,5;24,9;24,7;22,5;22,3;87;86;87;351;0;0;
2025/05/17;0200 UTC;0;1001,8;1001,8;1001,5;;24,3;22,3;24,9;24,3;22,6;22,3;88;87;88;230;0;0;
2025/05/17;0300 UTC;0;1002,1;1002,1;1001,7;;24,2;22,3;24,4;24,2;22,4;22,2;89;88;89;225;0;0;
2025/05/17;0400 UTC;0;1001,9;1002,2;1001,9;;24,3;22,5;24,3;24,1;22,5;22,2;89;89;89;72;0;0;
2025/05/17;0500 UTC;0;1001;1001,9;1001;;24;22,2;24,4;24;22,5;22,2;90;89;90;79;0;0;
2025/05/17;0600 UTC;0;1000,4;1001;1000,4;;23,9;22,2;24;23,9;22,3;22,1;90;90;90;50;0;0;
2025/05/17;0700 UTC;0;1000,1;1000,4;1000;;23,8;22,1;24;23,8;22,3;22,1;90;90;90;57;0;0;
2025/05/17;0800 UTC;0;1000,2;1000,2;1000;;23,8;22,1;23,9;23,7;22,2;22,1;90;90;90;70;1,9;0;
2025/05/17;0900 UTC;0;1000,7;1000,7;1000,2;;23,4;21,7;23,8;23,4;22,1;21,7;90;90;90;256;0;0;
2025/05/17;1000 UTC;0;1001,2;1001,2;1000,6;;23,3;21,6;23,5;23;21,8;21,4;90;90;90;233;0;0;
2025/05/17;1100 UTC;0;1001,7;1001,8;1001,2;;24,9;23,2;24,9;23,3;23,2;21,6;91;90;90;226;1,8;0;
2025/05/17;1200 UTC;0;1002,2;1002,2;1001,7;;27,3;23,4;27,6;24,9;24,1;23,2;90;79;79;227;2;0;
2025/05/17;1300 UTC;0;1002,1;1002,3;1002,1;;30,4;23,8;30,4;27,3;24,4;22,8;80;67;68;162;2,7;,6;
2025/05/17;1400 UTC;0;1002;1002,2;1002;;30,7;23,2;31;30;24,2;22,6;69;63;64;97;5;2,1;
2025/05/17;1500 UTC;0;1001,7;1002;1001,7;;30,7;22,6;32;30,6;24,8;22,2;67;59;62;110;5,3;2,9;
2025/05/17;1600 UTC;0;1001;1001,7;1001;;32,4;23,1;32,6;30,3;24;22,1;65;57;58;141;5,7;2,3;
2025/05/17;1700 UTC;2;1000,4;1001;1000,4;;28,8;24,6;32,7;28,1;24,6;22,3;78;57;78;80;5,5;1,2;
2025/05/17;1800 UTC;0;999,2;1000,4;999,2;;30,7;23,8;30,8;28,7;25,5;22,1;78;64;67;112;10,2;2,4;
2025/05/17;1900 UTC;0;998,8;999,2;998,7;;30,8;23,4;31,2;30,6;24,2;22,5;68;61;65;141;4;1,8;
2025/05/17;2000 UTC;0;998,6;998,8;998,5;;30,1;23;30,9;30,1;23,6;22,7;66;62;66;129;5,2;1,4;
2025/05/17;2100 UTC;0;999;999;998,6;;29,2;22,8;30,1;29,2;23,2;22,5;68;65;68;95;2,6;0;
2025/05/17;2200 UTC;0;999,2;999,2;998,9;;27,9;23,6;29,2;27,9;23,8;22,7;78;68;78;197;0;0;
2025/05/17;2300 UTC;0;1000;1000;999,2;;27,2;23,6;27,9;27,2;23,6;23,2;81;77;81;90;0;0;
2025/05/18;0000 UTC;0;1000,9;1000,9;1000;;26,7;23,5;27,2;26,7;23,8;23,3;83;81;83;79;0;0;
2025/05/18;0100 UTC;0;1001,6;1001,6;1000,9;;26;23,4;26,7;26;23,7;23,4;86;83;86;61;0;0;
2025/05/18;0200 UTC;0;1001,6;1001,7;1001,5;;25,5;23,1;26;25,5;23,6;23,1;87;86;87;15;0;0;
2025/05/18;0300 UTC;0;1001,4;1001,6;1001,4;;25,1;23,1;25,6;25,1;23,3;23;89;87;89;304;0;0;
2025/05/18;0400 UTC;0;1001,3;1001,4;1001,3;;24,8;22,8;25,1;24,8;23,1;22,8;89;89;89;35;2;,5;
2025/05/18;0500 UTC;0;1000,9;1001,3;1000,8;;24,8;22,7;24,8;24,7;22,9;22,7;89;88;88;30;2;0;
2025/05/18;0600 UTC;0;1000,2;1000,9;1000,2;;24,4;22,3;24,8;24,4;22,7;22,3;89;88;89;258;0;0;
2025/05/18;0700 UTC;0;1000,5;1000,5;1000,2;;24,3;22,2;24,4;24,3;22,4;22,2;89;88;88;352;2,8;,1;
2025/05/18;0800 UTC;0;1000,7;1000,7;1000,4;;24,1;21,9;24,4;24,1;22,2;21,9;88;87;88;286;1,8;0;
2025/05/18;0900 UTC;0;1000,9;1000,9;1000,6;;23,8;21,8;24,1;23,8;21,9;21,8;88;88;88;277;0;0;
2025/05/18;1000 UTC;0;1001,4;1001,4;1000,8;;23,9;22;23,9;23,7;22;21,7;89;88;89;304;0;0;
2025/05/18;1100 UTC;0;1002,1;1002,1;1001,4;;25,6;22,8;25,6;23,9;22,8;22;90;84;84;297;0;0;
2025/05/18;1200 UTC;0;1002,8;1002,8;1002,1;;27,3;23;27,6;25,6;23,7;22,2;84;76;77;28;2,5;,6;
2025/05/18;1300 UTC;0;1002,9;1002,9;1002,8;;28,8;22,7;29;27,3;23,4;22,4;77;70;70;68;2,8;1,2;
2025/05/18;1400 UTC;0;1002,9;1003,1;1002,9;;29,4;22,6;30,7;28,8;24,3;22,4;71;65;67;26;3,5;1,2;
2025/05/18;1500 UTC;0;1002,1;1002,9;1002,1;;31,2;22,7;32,3;29,4;24,2;22,5;69;59;61;309;3,1;,8;
2025/05/18;1600 UTC;0;1000,8;1002,1;1000,8;;31,1;22,3;32,7;30,4;23,9;22,1;64;57;60;82;3,7;1,5;
2025/05/18;1700 UTC;0;999,8;1000,8;999,8;;33;23,1;33;30,9;24,6;22;65;55;56;31;4,6;1,7;
2025/05/18;1800 UTC;0;999;999,8;999;;31,7;21,4;33,4;31,5;24;21,2;59;52;54;120;4,9;2,5;
2025/05/18;1900 UTC;0;998,5;999;998,5;;32,6;22,2;33,1;31,6;22,9;21,6;57;52;55;132;5,7;1,8;
2025/05/18;2000 UTC;0;999;999,1;998,5;;31,8;20,9;33;31,8;23,1;20,7;57;51;53;118;6;2,6;
2025/05/18;2100 UTC;0;999,3;999,3;998,9;;30,6;21,7;31,8;30,6;22;20,8;59;52;59;119;5;1,1;
2025/05/18;2200 UTC;0;999,7;999,7;999,3;;28,4;22,3;30,6;28,4;22,4;21,6;70;59;70;152;2,3;0;
2025/05/18;2300 UTC;0;1000,7;1000,7;999,7;;27,6;22,6;28,4;27,6;22,7;22,3;74;70;74;76;0;0;
2025/05/19;0000 UTC;0;1001,9;1001,9;1000,7;;27,5;22,8;27,7;27,4;22,9;22,6;76;74;76;83;0;0;
2025/05/19;0100 UTC;0;1002,5;1002,5;1001,9;;27;23,3;27,5;27;23,4;22,8;80;76;80;165;0;0;
2025/05/19;0200 UTC;0;1002,8;1002,8;1002,5;;26,7;22,5;27,2;26,7;23,3;22,3;80;75;78;52;4,4;1,2;
2025/05/19;0300 UTC;0;1002,5;1002,9;1002,5;;26,4;22,6;26,7;26,4;22,6;22,5;80;78;80;18;2,8;1;
2025/05/19;0400 UTC;0;1002;1002,5;1002;;26;22,7;26,4;26;22,7;22,6;82;80;82;37;2,3;0;
2025/05/19;0500 UTC;0;1001,5;1002,1;1001,5;;25,9;22,7;26;25,9;22,8;22,7;83;82;83;47;1,1;0;
2025/05/19;0600 UTC;0;1000,8;1001,5;1000,8;;25,5;22,6;25,9;25,5;22,8;22,6;84;83;84;24;2,1;,2;
2025/05/19;0700 UTC;0;1000,3;1000,8;1000,3;;25,2;22,6;25,5;25,2;22,6;22,5;86;84;86;338;2,3;0;
2025/05/19;0800 UTC;0;1000,4;1000,4;1000,2;;25;22,6;25,2;25;22,6;22,5;86;85;86;49;1;0;
2025/05/19;0900 UTC;0;1000,9;1000,9;1000,4;;24,9;22,5;25,1;24,9;22,6;22,5;87;86;87;332;0;0;
2025/05/19;1000 UTC;0;1001,5;1001,5;1000,9;;25,1;22,9;25,1;24,7;23;22,4;88;87;88;19;0;0;
2025/05/19;1100 UTC;0;1002,4;1002,4;1001,5;;28,1;23,5;28,1;25;24,4;22,9;88;76;76;54;2;,4;
2025/05/19;1200 UTC;0;1002,7;1002,7;1002,4;;28,8;23,5;29;27,4;23,7;22,5;76;70;73;98;2,9;1,3;
2025/05/19;1300 UTC;0;1002,8;1002,8;1002,7;;30,6;23,3;31;28,7;23,7;22,6;73;63;65;123;4,4;1,9;
2025/05/19;1400 UTC;0;1002,5;1002,9;1002,5;;31,5;22,7;32,2;30,5;23,9;22;65;58;60;142;5,2;2,4;
2025/05/19;1500 UTC;0;1001,7;1002,6;1001,7;;32,6;23,1;32,8;30,4;23,9;22;65;57;57;140;6,5;2,3;
2025/05/19;1600 UTC;0;1000,9;1001,7;1000,9;;30,8;22,4;32,9;30,8;24,4;22;63;55;61;104;5,6;3,2;
2025/05/19;1700 UTC;0;999,8;1000,9;999,8;;30,5;22;33,3;30,4;23,8;21,1;62;51;60;182;8,7;1,7;
2025/05/19;1800 UTC;0;998,7;999,8;998,7;;33;22,7;33,2;30,5;23;21,7;61;52;55;100;6,2;2,6;
2025/05/19;1900 UTC;0;998,5;998,8;998,4;;32,4;22,7;33,5;32,2;23,4;21,5;57;50;57;136;5,8;1,8;
2025/05/19;2000 UTC;0;998,4;998,5;998,3;;32,5;21;33,2;31,7;22,7;20,5;57;50;51;131;5,8;2,4;
2025/05/19;2100 UTC;0;999;999;998,4;;30,2;21,1;32,5;30,2;21,3;20,4;58;50;58;135;5,4;1,4;
2025/05/19;2200 UTC;0;999,8;999,8;998,9;;28,8;21,5;30,2;28,8;21,7;21;65;58;65;160;3,4;0;
2025/05/19;2300 UTC;0;1000,8;1000,8;999,8;;27,3;22,1;28,8;27,3;22,2;21,3;73;65;73;144;0;0;
2025/05/20;0000 UTC;0;1001,4;1001,4;1000,8;;26,4;22,2;27,3;26,4;22,3;21,6;78;71;78;206;0;0;
2025/05/20;0100 UTC;0;1002,2;1002,2;1001,4;;25,4;22,1;26,4;25,4;22,3;21,9;82;78;82;264;0;0;
2025/05/20;0200 UTC;0;1002,5;1002,5;1002,2;;25,2;22,4;25,5;25,2;22,5;22,1;85;82;85;65;0;0;
2025/05/20;0300 UTC;0;1002,4;1002,5;1002,4;;24,7;22,2;25,2;24,7;22,4;22,2;86;85;86;100;0;0;
2025/05/20;0400 UTC;0;1001,8;1002,4;1001,8;;24,4;22,2;24,7;24,4;22,3;22,2;87;86;87;210;0;0;
2025/05/20;0500 UTC;0;1001,2;1001,8;1001,2;;24,2;22,2;24,4;24,2;22,3;22,1;89;87;89;257;0;0;
2025/05/20;0600 UTC;0;1000,9;1001,2;1000,9;;24,3;22,2;24,4;24,2;22,3;22,1;89;88;88;216;0;0;
2025/05/20;0700 UTC;0;1001,1;1001,1;1000,8;;24,1;22,1;24,3;24,1;22,2;22;89;88;88;46;3,1;0;
2025/05/20;0800 UTC;0;1001,5;1001,5;1001,1;;23,9;21,9;24,1;23,9;22,1;21,9;89;88;89;332;0;0;
2025/05/20;0900 UTC;0;1001,8;1001,8;1001,5;;23,7;21,7;23,9;23,7;21,9;21,7;89;88;89;272;0;0;
2025/05/20;1000 UTC;0;1002,9;1002,9;1001,8;;23,8;21,9;23,8;23,6;21,9;21,6;90;89;89;259;0;0;
2025/05/20;1100 UTC;0;1003,8;1003,8;1002,9;;25,1;23,1;25,1;23,7;23,1;21,9;90;89;89;42;1,1;,1;
2025/05/20;1200 UTC;0;1004,6;1004,6;1003,8;;25,7;22,7;25,7;25,1;23,2;22,7;89;84;84;36;3,6;,6;
2025/05/20;1300 UTC;0;1004,9;1005,1;1004,6;;26,8;23;26,8;25,6;23,1;22,6;84;79;80;17;2,8;1;
2025/05/20;1400 UTC;0;1004,4;1004,9;1004,3;;28,7;22,9;29;26,7;24;22,6;80;71;71;31;4,1;1,8;
2025/05/20;1500 UTC;0;1003,5;1004,4;1003,5;;29,6;23,1;30;28,4;23,4;22,3;73;66;68;35;4,8;2,1;
2025/05/20;1600 UTC;0;1002,2;1003,5;1002,2;;30,1;22,2;31,2;29,6;23,9;22;69;61;63;55;3,6;1,2;
2025/05/20;1700 UTC;0;1001,1;1002,2;1001,1;;29,7;23,1;30,9;29,6;23,4;22,2;68;62;68;293;3,3;1,8;
2025/05/20;1800 UTC;0;1000;1001,1;1000;;31,2;22,4;32,1;29,6;23,6;22,1;69;57;60;186;3,3;,7;
2025/05/20;1900 UTC;0;999,5;1000;999,5;;32,1;23,1;32,5;30,7;23,5;21,7;62;55;59;169;4,5;1,6;
2025/05/20;2000 UTC;0;999,6;999,6;999,5;;32;22,3;32,6;31,5;23,1;21,2;59;53;57;179;3,6;1,3;
2025/05/20;2100 UTC;0;999,8;999,9;999,6;;30,2;21,7;32,1;30,2;22,6;21,1;60;55;60;156;3;,7;
2025/05/20;2200 UTC;0;1000,6;1000,6;999,8;;28;22,2;30,2;28;22,4;21,6;71;60;71;193;1,5;0;
2025/05/20;2300 UTC;0;1000,9;1000,9;1000,6;;27,1;22,5;28;27,1;22,7;22,2;76;71;76;219;1,1;,1;
2025/05/21;0000 UTC;0;1002;1002;1000,9;;26,1;22,8;27,1;26,1;22,9;22,5;82;76;82;253;1,2;0;
2025/05/21;0100 UTC;0;1002,7;1002,7;1002;;25,7;22,8;26,2;25,7;23;22,7;84;82;84;258;,6;0;
2025/05/21;0200 UTC;0;1002,9;1002,9;1002,6;;25,3;22,8;25,7;25,3;22,9;22,7;86;84;86;57;,9;0;
2025/05/21;0300 UTC;0;1003;1003;1002,9;;25,2;22,5;25,3;25;22,8;22,4;86;85;85;355;3,2;0;
2025/05/21;0400 UTC;0;1002,7;1003,1;1002,7;;25,3;22,3;25,3;25,1;22,6;22,3;85;84;84;18;1,8;0;
2025/05/21;0500 UTC;0;1002,1;1002,7;1002,1;;25,1;22,1;25,3;25,1;22,3;22,1;84;83;83;25;2,6;,9;
2025/05/21;0600 UTC;0;1001,3;1002,1;1001,3;;24,5;22;25,1;24,5;22,1;21,9;86;83;86;44;2,6;0;
2025/05/21;0700 UTC;0;1001,1;1001,3;1001;;23,9;21,7;24,5;23,9;22;21,7;88;86;88;67;1,4;0;
2025/05/21;0800 UTC;0;1001,5;1001,5;1001,1;;23,9;21,6;24,1;23,8;21,8;21,6;88;87;87;38;0;0;
2025/05/21;0900 UTC;0;1002;1002;1001,5;;23,7;21,7;24;23,7;21,7;21,5;88;87;88;234;0;0;
2025/05/21;1000 UTC;0;1002,6;1002,6;1002;;23,9;22;23,9;23,7;22;21,7;89;88;89;211;0;0;
2025/05/21;1100 UTC;0;1003,7;1003,7;1002,6;;26,4;23,1;26,5;23,9;23,4;22;89;82;82;314;0;0;
2025/05/21;1200 UTC;0;1004,1;1004,1;1003,7;;28,1;22,5;28,4;26,1;23,8;22;82;71;72;70;4,8;1,7;
2025/05/21;1300 UTC;0;1004,1;1004,1;1004;;29,5;22,9;29,8;27,8;23,7;22,3;74;67;68;46;5,7;3;
2025/05/21;1400 UTC;0;1003,8;1004,2;1003,8;;30,4;22,9;31,4;28,5;23,8;22,1;70;62;64;34;6,4;2,1;
2025/05/21;1500 UTC;0;1003,3;1003,9;1003,3;;31;23,2;31,3;29,8;23,7;22,4;67;62;63;16;5,4;1,2;
2025/05/21;1600 UTC;0;1001,9;1003,3;1001,9;;30,1;23,3;33;29,8;24,2;22,2;68;57;67;43;6,1;2,9;
2025/05/21;1700 UTC;0;1000,5;1001,9;1000,5;;29,2;22,6;31,3;28,3;24;22,1;71;62;68;281;6,8;2,8;
2025/05/21;1800 UTC;,6;999,7;1000,5;999,7;;29,3;23,1;32;29,1;23,6;22;69;57;69;197;5,6;1,8;
2025/05/21;1900 UTC;3;999,3;999,9;999,2;;24,9;22,1;29,3;24,7;24,5;21,2;85;69;85;227;7,8;,8;
2025/05/21;2000 UTC;0;999,4;999,4;999,2;;28;22,3;28,2;24,9;23,3;22,1;85;71;71;124;2;,3;
2025/05/21;2100 UTC;0;999,9;999,9;999,2;;27,5;22,1;29,2;27,5;23,2;21,9;73;67;72;62;2,2;1,6;
2025/05/21;2200 UTC;0;1000,9;1001;999,9;;26,6;22,6;27,5;26,6;22,7;22,2;79;72;79;59;2,9;0;
2025/05/21;2300 UTC;0;1001,8;1001,8;1000,9;;26,1;22,9;26,6;26,1;22,9;22,5;83;79;83;99;1,6;0;
2025/05/22;0000 UTC;0;1002,2;1002,3;1001,8;;25,9;23,2;26,1;25,6;23,4;22,8;86;83;85;258;0;0;
2025/05/22;0100 UTC;0;1003,3;1003,3;1002,3;;25,5;23,2;25,9;25,5;23,3;23,2;87;85;87;87;1,6;,4;
2025/05/22;0200 UTC;0;1003,4;1003,4;1003,2;;25,4;23,2;25,5;25,3;23,2;23,1;88;87;88;265;2;0;
2025/05/22;0300 UTC;0;1003,1;1003,5;1003,1;;25,4;23,2;25,5;25,3;23,4;23,2;88;88;88;37;1;0;
2025/05/22;0400 UTC;0;1002,4;1003,1;1002,4;;25,2;22,9;25,5;25,1;23,3;22,8;88;87;87;134;1;0;
2025/05/22;0500 UTC;0;1002,3;1002,4;1002,1;;25;22,6;25,2;25;22,9;22,4;87;86;86;325;0;0;
2025/05/22;0600 UTC;0;1001,7;1002,3;1001,7;;24,6;22,3;25;24,6;22,6;22,2;87;86;87;40;2,5;0;
2025/05/22;0700 UTC;0;1001,8;1001,8;1001,5;;24,4;21,7;24,7;24,4;22,3;21,7;87;85;85;49;3,5;1,6;
2025/05/22;0800 UTC;0;1002,3;1002,3;1001,7;;24,1;21,5;24,4;24,1;21,7;21,5;85;84;85;54;3,9;1,8;
2025/05/22;0900 UTC;0;1003;1003;1002,3;;24;21,6;24,2;24;21,6;21,5;86;85;86;34;3,4;1,1;
2025/05/22;1000 UTC;0;1003,5;1003,5;1003;;24,1;21,6;24,1;24;21,7;21,6;87;86;86;76;3,9;,8;
2025/05/22;1100 UTC;0;1004,4;1004,4;1003,5;;24,6;22;24,7;24;22,1;21,6;87;85;85;92;1,4;0;
2025/05/22;1200 UTC;0;1005,5;1005,5;1004,4;;25,9;22,7;25,9;24,6;22,7;21,9;85;83;83;171;2,6;1,3;
2025/05/22;1300 UTC;0;1005,6;1005,7;1005,5;;26,5;22,7;26,5;25,9;22,9;22,2;83;79;80;166;4,2;,9;
2025/05/22;1400 UTC;0;1005,3;1005,6;1005,3;;27,3;22,2;27,7;26,4;23,3;22;80;73;74;68;2,8;1,1;
2025/05/22;1500 UTC;0;1004,6;1005,4;1004,6;;28,1;22,9;28,1;27;23,2;21,9;76;72;74;287;2,5;,5;
2025/05/22;1600 UTC;0;1003,4;1004,6;1003,4;;28;22,4;28,9;27,9;23;22,1;74;69;72;247;2,5;,3;
2025/05/22;1700 UTC;6;1002,4;1003,4;1002,3;;26,5;22,5;30,4;26,5;24,2;22;79;65;79;146;4,2;1,8;
2025/05/22;1800 UTC;14,2;1001,3;1002,4;1001,3;;26,9;22,6;27,1;24,9;23,9;21,7;87;77;77;213;4,2;,1;
2025/05/22;1900 UTC;,2;1000,5;1001,3;1000,5;;26,4;23,5;27,3;26,3;23,5;22,7;84;77;84;203;2,5;0;
2025/05/22;2000 UTC;0;1000,7;1000,7;1000,1;;26;23,4;26,5;25,9;23,7;23,2;86;84;86;230;2;0;
2025/05/22;2100 UTC;0;1001,4;1001,4;1000,6;;25,6;23,2;26;25,5;23,4;23,1;87;85;87;217;1,7;0;
2025/05/22;2200 UTC;0;1002;1002;1001,4;;25;22,9;25,6;25;23,2;22,7;88;86;88;274;0;0;
2025/05/22;2300 UTC;0;1002,8;1002,8;1002;;24,6;22,6;25;24,6;22,9;22,6;89;88;89;225;0;0;
2025/05/23;0000 UTC;0;1003,7;1003,7;1002,8;;24,4;22,6;24,7;24,4;22,8;22,6;90;89;90;6;0;0;
2025/05/23;0100 UTC;0;1004,3;1004,3;1003,7;;24,1;22,4;24,5;24,1;22,7;22,4;90;90;90;88;3;,3;
2025/05/23;0200 UTC;0;1004,5;1004,6;1004,3;;24,4;22,7;24,5;24,1;22,7;22,4;90;90;90;63;1,8;0;
2025/05/23;0300 UTC;0;1004;1004,5;1004;;24,3;22,5;24,5;24,2;22,7;22,5;90;90;90;123;0;0;
2025/05/23;0400 UTC;0;1003,3;1004;1003,3;;24,1;22,4;24,3;24,1;22,6;22,4;90;90;90;56;2,5;,8;
2025/05/23;0500 UTC;0;1002,6;1003,3;1002,5;;23,9;22,3;24,1;23,9;22,4;22,2;90;90;90;118;1,8;0;
2025/05/23;0600 UTC;0;1002,1;1002,6;1002,1;;23,9;22,2;24;23,9;22,3;22,2;90;90;90;134;0;0;
2025/05/23;0700 UTC;0;1002,2;1002,2;1002;;23,8;22,1;23,9;23,7;22,3;22,1;91;90;91;179;0;0;
2025/05/23;0800 UTC;0;1002,6;1002,6;1002,2;;23,7;22,1;23,8;23,6;22,1;22;91;91;91;57;0;0;
2025/05/23;0900 UTC;0;1002,9;1002,9;1002,6;;23,6;22;23,8;23,6;22,1;22;91;91;91;353;0;0;
2025/05/23;1000 UTC;0;1003,5;1003,5;1002,9;;23,7;22,1;23,7;23,5;22,1;21,9;91;91;91;98;0;0;
2025/05/23;1100 UTC;0;1004,3;1004,3;1003,5;;24,6;22,9;24,8;23,7;23,2;22,1;91;91;91;104;0;0;
2025/05/23;1200 UTC;0;1004,9;1004,9;1004,3;;26,9;23,6;27,5;24,3;25;22,6;91;82;82;118;1,9;,2;
2025/05/23;1300 UTC;0;1005,1;1005,1;1004,9;;29,1;23,9;29,1;26,4;24,1;22,8;83;73;74;14;2,6;,1;
2025/05/23;1400 UTC;0;1005,1;1005,2;1005,1;;28;22,3;29,3;27,9;23,8;22,2;74;70;71;57;4,5;2,9;
2025/05/23;1500 UTC;0;1004,5;1005,1;1004,5;;28,9;22,7;29,6;27,9;23,5;22;72;68;70;86;4,5;1,7;
2025/05/23;1600 UTC;0;1003,2;1004,5;1003,2;;30,8;23;31;28,7;23,9;22,5;72;62;63;72;4,4;1,7;
2025/05/23;1700 UTC;0;1001,6;1003,2;1001,6;;30,6;22,2;32,2;30,4;23,5;21,6;65;57;61;78;5,1;3,2;
2025/05/23;1800 UTC;0;1000,4;1001,6;1000,4;;31,4;22;31,4;29,9;23,4;21,9;65;58;58;86;5,7;3,2;
2025/05/23;1900 UTC;0;1000;1000,4;999,8;;30,3;23,2;31,9;29,5;23,2;21,9;68;57;66;53;6,3;2,6;
2025/05/23;2000 UTC;0;1000,2;1000,2;999,8;;28,8;23,4;31,1;28,8;23,5;22,6;73;62;73;309;4,2;1,3;
2025/05/23;2100 UTC;0;1001;1001;1000,2;;28,8;23,8;29,4;28,7;24,1;23,4;74;72;74;332;2,4;0;
2025/05/23;2200 UTC;0;1001,8;1001,8;1001;;27;24,1;28,8;27;24,1;23,8;84;74;84;230;0;0;
2025/05/23;2300 UTC;0;1002,4;1002,4;1001,7;;27;23,7;27,1;26,8;24,1;23,7;85;82;82;21;2,2;,3;
2025/05/24;0000 UTC;0;1003,5;1003,6;1002,4;;26,1;22,3;27;26,1;23,7;22,2;82;79;80;62;2,2;0;
2025/05/24;0100 UTC;0;1004,2;1004,2;1003,5;;25,7;22,7;26;25,5;22,7;22,1;84;80;84;156;1,8;,4;
2025/05/24;0200 UTC;0;1004,2;1004,4;1004,1;;25,2;22,9;25,7;25,2;23,1;22,7;87;84;87;245;2,6;0;
2025/05/24;0300 UTC;0;1003,9;1004,4;1003,9;;24,8;21,7;25,2;24,8;22,9;21,4;87;81;83;208;1,3;0;
2025/05/24;0400 UTC;0;1003,6;1003,9;1003,6;;24,3;21,6;24,9;24,3;21,8;21,5;85;82;85;334;0;0;
2025/05/24;0500 UTC;0;1002,8;1003,6;1002,8;;24,1;21,5;24,4;23,9;21,8;21,2;86;85;85;30;1,7;,1;
2025/05/24;0600 UTC;0;1002,4;1002,8;1002,4;;23,9;21,8;24,2;23,9;21,8;21,5;88;85;88;30;2,3;,5;
2025/05/24;0700 UTC;0;1002,2;1002,4;1002,1;;23,4;21,4;23,9;23,4;21,9;21,4;89;88;89;233;2,3;0;
2025/05/24;0800 UTC;0;1002,3;1002,3;1002,1;;23,1;21,3;23,4;23,1;21,5;21,3;90;89;90;206;0;0;
2025/05/24;0900 UTC;0;1002,8;1002,8;1002,3;;22,7;21,1;23,1;22,7;21,4;21,1;90;90;90;232;0;0;
2025/05/24;1000 UTC;0;1003,4;1003,4;1002,8;;22,8;21,2;22,8;22,6;21,2;21;91;90;91;212;0;0;
2025/05/24;1100 UTC;0;1004,2;1004,2;1003,4;;24,6;22,9;24,7;22,8;23,1;21,3;91;90;90;236;0;0;
2025/05/24;1200 UTC;0;1004,6;1004,6;1004,2;;26,9;23,3;26,9;24,6;24,2;22,8;90;81;81;96;2,8;1,1;
2025/05/24;1300 UTC;0;1004,6;1004,7;1004,6;;28;22,7;28,8;26,8;23,7;22,6;81;72;73;61;6,8;4;
2025/05/24;1400 UTC;0;1004,5;1004,7;1004,4;;29,6;23,1;29,7;27,9;23,8;22,6;74;68;68;68;6,8;3,5;
2025/05/24;1500 UTC;0;1003,9;1004,5;1003,9;;30,5;23;31;28,9;23,9;22,5;71;63;64;57;6,2;2,9;
2025/05/24;1600 UTC;0;1003,1;1003,9;1003,1;;31;22;32,1;30,2;23,7;22;66;58;59;74;5,9;3,3;
2025/05/24;1700 UTC;0;1002,2;1003,1;1002,2;;29,5;23,3;31,7;29,5;23,6;22,1;70;57;69;89;5,7;2,1;
2025/05/24;1800 UTC;0;1001,1;1002,2;1001,1;;31,5;23,5;32;29,6;23,9;22,4;69;59;63;65;4,5;2,1;
2025/05/24;1900 UTC;1;1000,6;1001,1;1000,6;;31,4;24,5;31,9;28,1;24,9;22,7;78;59;67;134;4,4;,1;
2025/05/24;2000 UTC;4,8;1000,4;1001,1;1000,3;;26,4;23,3;32,3;25,5;24,3;21,1;83;60;83;179;9,1;0;
2025/05/24;2100 UTC;3,2;1001,2;1001,2;1000,4;;24,9;21,8;26,8;24,9;23,8;21,8;84;81;83;160;6,8;1,1;
2025/05/24;2200 UTC;0;1001,2;1001,3;1001,1;;24,7;21,6;24,9;24,3;21,8;21,5;85;83;83;229;2,2;0;
2025/05/24;2300 UTC;0;1002,5;1002,5;1001,2;;24,4;22,2;24,8;24,4;22,3;21,7;87;83;87;221;0;0;
2025/05/25;0000 UTC;0;1002,9;1003,1;1002,5;;24,2;22,1;24,6;24,2;22,5;22,1;89;87;89;209;0;0;
2025/05/25;0100 UTC;0;1003,8;1003,8;1002,9;;24,3;22,4;24,3;24;22,4;22;89;89;89;30;3,3;1,2;
2025/05/25;0200 UTC;0;1003,9;1003,9;1003,7;;24,2;22,3;24,3;24,2;22,4;22,3;89;89;89;230;3,3;0;
2025/05/25;0300 UTC;0;1003,8;1004;1003,8;;24;22,3;24,2;23,8;22,3;22;90;89;90;280;0;0;
2025/05/25;0400 UTC;0;1003,5;1004;1003,5;;23,6;21,9;24,1;23,6;22,4;21,9;90;90;90;217;0;0;
2025/05/25;0500 UTC;0;1002,7;1003,5;1002,7;;23,5;21,8;23,6;23,5;21,9;21,8;90;90;90;260;1,3;0;
2025/05/25;0600 UTC;0;1002,3;1002,7;1002,2;;23,3;21,6;23,5;23,2;21,8;21,5;91;90;91;206;1,3;0;
2025/05/25;0700 UTC;0;1001,7;1002,3;1001,7;;23,3;21,7;23,4;23,2;21,8;21,6;91;90;91;13;2,2;0;
2025/05/25;0800 UTC;0;1002,1;1002,2;1001,7;;23,4;21,8;23,4;23,1;21,8;21,5;91;90;91;18;2,5;,6;
2025/05/25;0900 UTC;,2;1002,7;1002,7;1002,1;;23,2;21,7;23,4;23,2;21,8;21,6;91;91;91;241;2;0;
2025/05/25;1000 UTC;0;1003,2;1003,2;1002,7;;23,1;21,6;23,3;23;21,7;21,4;91;91;91;221;0;0;
2025/05/25;1100 UTC;0;1003,9;1003,9;1003,2;;24,2;22,6;24,2;23;22,6;21,4;91;91;91;145;0;0;
2025/05/25;1200 UTC;0;1004,4;1004,4;1003,9;;28,5;24,8;28,5;24,2;25,9;22,7;91;80;80;62;3,3;1,7;
2025/05/25;1300 UTC;0;1004,7;1004,7;1004,4;;28,2;23,1;28,8;27,8;24,7;22,7;80;71;74;104;3,2;,8;
2025/05/25;1400 UTC;0;1004,1;1004,7;1004,1;;31,2;23,9;31,4;28,1;25,2;22,8;75;65;65;140;4;,9;
2025/05/25;1500 UTC;0;1003,5;1004,2;1003,5;;31;23,4;31,6;29,5;24,5;22,5;70;62;64;50;4,6;2;
2025/05/25;1600 UTC;0;1002,7;1003,5;1002,6;;31,9;22,7;32,3;30,5;23,8;22,5;65;57;58;83;5,2;2,5;
2025/05/25;1700 UTC;0;1001,6;1002,7;1001,6;;31,8;24;32,9;30,4;24,3;22,5;66;57;63;56;7,7;3;
2025/05/25;1800 UTC;0;1000,4;1001,6;1000,4;;30,7;23,2;32,4;30,6;24,1;22,7;64;58;64;90;5,6;1,9;
2025/05/25;1900 UTC;0;999,9;1000,4;999,8;;31,8;22,3;32,1;30,6;23,2;22;64;56;57;99;5,4;3,3;
2025/05/25;2000 UTC;0;999,7;1000;999,6;;30,6;22,3;31,8;30,5;22,8;21,7;63;56;61;50;6,1;2,1;
2025/05/25;2100 UTC;0;999,9;999,9;999,7;;29,7;22,5;31;29,7;23,1;22,3;65;61;65;79;3,8;1,8;
2025/05/25;2200 UTC;0;1000,8;1000,8;999,9;;27,9;22,9;29,7;27,9;22,9;22,4;74;65;74;51;3;1,2;
2025/05/25;2300 UTC;0;1001,6;1001,6;1000,9;;27;23,4;27,9;27;23,4;23;81;74;81;44;2,3;0;
2025/05/26;0000 UTC;0;1002,1;1002,1;1001,6;;26;23,2;27;26;23,4;23,2;85;80;85;227;0;0;
2025/05/26;0100 UTC;0;1002,6;1002,6;1002,1;;25,4;23;26;25,4;23,3;22,9;87;85;87;61;0;0;
2025/05/26;0200 UTC;0;1003;1003;1002,6;;25;23;25,5;25;23,1;22,9;88;87;88;227;0;0;
2025/05/26;0300 UTC;0;1003,1;1003,2;1003;;24,7;22,8;25;24,7;23;22,8;89;88;89;264;0;0;
2025/05/26;0400 UTC;0;1002,8;1003,2;1002,8;;24,2;22,4;24,7;24,2;22,8;22,4;90;89;90;274;0;0;
2025/05/26;0500 UTC;0;1002,4;1002,9;1002,4;;24,1;22,3;24,4;24,1;22,6;22,3;90;90;90;39;0;0;
2025/05/26;0600 UTC;0;1001,9;1002,4;1001,9;;24;22,3;24,1;24;22,4;22,2;90;90;90;329;0;0;
2025/05/26;0700 UTC;0;1001,7;1001,9;1001,7;;23,8;22,1;24;23,7;22,3;22;90;90;90;319;0;0;
2025/05/26;0800 UTC;0;1001,9;1001,9;1001,7;;23,5;21,8;23,8;23,4;22,1;21,6;90;90;90;315;0;0;
2025/05/26;0900 UTC;0;1002,4;1002,4;1001,8;;23,1;21,5;23,6;23,1;21,9;21,5;90;90;90;165;0;0;
2025/05/26;1000 UTC;0;1002,9;1002,9;1002,4;;23,1;21,5;23,1;22,9;21,5;21,3;91;90;91;221;0;0;
2025/05/26;1100 UTC;0;1003,8;1003,8;1002,9;;25,6;23,8;25,6;23,1;23,8;21,5;91;90;90;52;1,5;,6;
2025/05/26;1200 UTC;0;1004,2;1004,3;1003,8;;27,1;22,8;28,2;25,6;24,6;22,5;90;75;77;70;2,7;1,6;
2025/05/26;1300 UTC;0;1004,5;1004,5;1004,2;;28,3;23,4;28,9;26,9;23,8;22,6;79;72;75;64;7;3,5;
2025/05/26;1400 UTC;0;1004,4;1004,6;1004,4;;30;23,3;30,3;28,2;24;22,7;75;66;67;72;7,2;3,5;
2025/05/26;1500 UTC;0;1003,6;1004,4;1003,6;;30;22,7;30,8;29,5;23,7;22,6;68;64;65;71;7,2;3,2;
2025/05/26;1600 UTC;0;1002,3;1003,6;1002,3;;30,7;22,1;31,7;29,7;24;22,1;68;59;60;90;8,4;4,1;
2025/05/26;1700 UTC;0;1001,3;1002,3;1001,2;;32,3;22,3;32,7;30,7;23,3;21,8;61;54;56;91;7,6;3,6;
2025/05/26;1800 UTC;0;1000,3;1001,3;1000,3;;32,6;21,8;32,8;31,8;22,5;21,4;56;52;53;86;7,4;3,4;
2025/05/26;1900 UTC;0;999,9;1000,3;999,9;;31,1;22,4;32,6;30,5;22,6;21,4;61;53;60;93;6,8;2,7;
2025/05/26;2000 UTC;0;999,7;999,9;999,6;;30,9;21,9;32,2;30,9;22,6;20,9;60;53;59;102;6,5;2,1;
2025/05/26;2100 UTC;0;1000,5;1000,5;999,6;;26,2;21,5;30,9;26,2;22,2;21,5;76;58;76;73;12,2;7,5;
2025/05/26;2200 UTC;,4;1000,9;1000,9;1000,5;;25,2;22,1;26,1;24,8;22,4;21,4;85;76;83;75;12,2;,2;
2025/05/26;2300 UTC;0;1001,4;1001,4;1000,9;;25,1;22,4;25,2;25,1;22,4;22;85;82;85;29;1,6;0;
2025/05/27;0000 UTC;0;1002,4;1002,4;1001,4;;25,2;22,3;25,2;25;22,5;22,3;85;84;84;73;2,1;0;
2025/05/27;0100 UTC;0;1003;1003;1002,4;;25,1;22,6;25,3;25,1;22,7;22,3;86;84;86;259;0;0;
2025/05/27;0200 UTC;0;1003;1003,1;1002,9;;24,7;22,5;25,1;24,7;22,7;22,5;88;86;88;71;0;0;
2025/05/27;0300 UTC;0;1002,7;1003;1002,7;;24,5;22,5;24,7;24,4;22,6;22,3;88;88;88;284;0;0;
2025/05/27;0400 UTC;0;1002,5;1002,7;1002,5;;24;22,1;24,5;24;22,5;22,1;89;88;89;326;0;0;
2025/05/27;0500 UTC;0;1002,3;1002,5;1002,3;;23,6;21,8;24,1;23,6;22,3;21,8;90;89;90;243;0;0;
2025/05/27;0600 UTC;0;1001,6;1002,3;1001,6;;23,4;21,6;23,6;23,4;21,8;21,6;90;90;90;264;0;0;
2025/05/27;0700 UTC;0;1001,7;1001,8;1001,6;;23;21,3;23,4;23;21,6;21,2;90;90;90;293;0;0;
2025/05/27;0800 UTC;0;1002;1002,1;1001,7;;23;21,4;23,1;22,9;21,4;21,2;90;90;90;332;0;0;
2025/05/27;0900 UTC;0;1002,8;1002,8;1002;;22,7;21,1;23;22,6;21,3;21;91;90;91;284;0;0;
2025/05/27;1000 UTC;0;1003,2;1003,2;1002,8;;23,1;21,6;23,2;22,7;21,6;21,1;91;91;91;315;1,7;,3;
2025/05/27;1100 UTC;0;1003,9;1003,9;1003,1;;23,5;22;23,7;23,1;22,2;21,5;91;91;91;328;2,2;,7;
2025/05/27;1200 UTC;0;1004,4;1004,5;1003,9;;25;23,4;25,1;23,6;23,5;22;91;91;91;330;2,4;,3;
2025/05/27;1300 UTC;0;1004,8;1004,8;1004,4;;28,4;23;28,6;25;25,2;22,8;91;72;73;50;3,8;1,3;
2025/05/27;1400 UTC;0;1004,6;1004,8;1004,6;;29,4;23,1;30,6;28,4;24,3;22,3;74;65;69;39;3,7;1,6;
2025/05/27;1500 UTC;0;1004,2;1004,6;1004,1;;31;22,3;31,1;29,4;23,8;21,7;70;59;60;103;5,2;2,5;
2025/05/27;1600 UTC;0;1003,2;1004,2;1003,2;;32;21,6;32;30,9;23;21,3;63;54;54;93;6,9;3,2;
2025/05/27;1700 UTC;0;1002,2;1003,2;1002,2;;32;21,4;32,5;31,4;22,9;21;59;53;53;131;6,9;2,3;
2025/05/27;1800 UTC;0;1001,3;1002,2;1001,3;;32,5;21,4;33,1;31,8;22,2;20,8;55;51;52;88;7,2;2,9;
2025/05/27;1900 UTC;0;1000,8;1001,3;1000,8;;32,5;20;32,6;31,1;21,6;20;56;47;48;106;5,7;3,1;
2025/05/27;2000 UTC;0;1000,6;1000,8;1000,5;;31,6;21;32,5;31,6;21;20;54;48;54;117;6;3,5;
2025/05/27;2100 UTC;0;1000,7;1000,7;1000,6;;29,9;21,4;31,6;29,9;21,4;21;60;53;60;103;5,7;1,3;
2025/05/27;2200 UTC;0;1001,3;1001,3;1000,7;;28,2;21,8;29,9;28,2;22;21,4;68;60;68;104;2,1;,9;
2025/05/27;2300 UTC;0;1002,1;1002,1;1001,3;;26,6;22,1;28,2;26,6;22,2;21,8;76;68;76;74;1,6;0;
2025/05/28;0000 UTC;0;1002,9;1002,9;1002,1;;26,3;21,9;26,6;26,1;22,2;21,9;79;76;77;103;0;0;
2025/05/28;0100 UTC;0;1003,8;1003,8;1002,9;;25,7;21,8;26,3;25,6;22,1;21,6;81;77;79;258;0;0;
2025/05/28;0200 UTC;0;1004,3;1004,3;1003,8;;24,7;21,9;25,7;24,6;22,1;21,8;85;79;84;224;0;0;
2025/05/28;0300 UTC;0;1004,5;1004,5;1004,2;;24,2;21,7;24,7;24,2;21,9;21,6;86;84;86;244;0;0;
2025/05/28;0400 UTC;0;1004,1;1004,5;1004;;24,1;21,8;24,2;24;21,9;21,6;87;86;87;44;0;0;
2025/05/28;0500 UTC;0;1003,4;1004,1;1003,4;;23,5;21,5;24,1;23,5;21,8;21,5;89;87;88;218;0;0;
2025/05/28;0600 UTC;0;1002,8;1003,4;1002,8;;23;21,2;23,5;23;21,5;21,2;89;88;89;232;0;0;
2025/05/28;0700 UTC;0;1002,7;1002,9;1002,7;;22,7;20,9;23;22,7;21,2;20,9;90;89;90;235;0;0;
2025/05/28;0800 UTC;0;1002,9;1002,9;1002,7;;22,5;20,8;22,8;22,5;21;20,7;90;90;90;229;0;0;
2025/05/28;0900 UTC;0;1003,2;1003,3;1002,9;;22,3;20,6;22,6;22,3;20,9;20,6;90;90;90;201;0;0;
2025/05/28;1000 UTC;0;1003,6;1003,6;1003,2;;22,2;20,6;22,3;22;20,6;20,3;91;90;90;247;0;0;
2025/05/28;1100 UTC;0;1004,3;1004,3;1003,6;;25,7;23,8;25,7;22,2;23,8;20,6;91;89;89;121;0;0;
2025/05/28;1200 UTC;0;1004,7;1004,7;1004,3;;29;23,4;29,1;25,3;23,9;22,5;89;70;72;143;1,2;0;
2025/05/28;1300 UTC;0;1004,6;1004,8;1004,6;;31,1;22,2;31,2;29;23,5;22,1;72;59;59;105;4,1;1,4;
2025/05/28;1400 UTC;0;1004,3;1004,7;1004,3;;32,4;23;32,4;30,5;23,3;21,5;64;54;58;81;3,9;1,2;
2025/05/28;1500 UTC;0;1003,3;1004,3;1003,3;;33,2;22,2;33,6;32,4;23,6;21,3;58;50;53;147;4,6;2,2;
2025/05/28;1600 UTC;0;1002,6;1003,3;1002,6;;33,1;20,7;33,8;32,9;22,5;20;54;46;48;100;8;3,4;
2025/05/28;1700 UTC;0;1001,8;1002,6;1001,8;;33,6;20;34,1;32,9;22,1;19,5;52;43;45;103;8,5;3,8;
2025/05/28;1800 UTC;0;1001,2;1001,8;1001,2;;34;20,3;34,1;33,2;22,1;19,1;51;42;45;139;7,8;2;
2025/05/28;1900 UTC;0;1001,2;1001,2;1001,1;;33,5;19,4;34,3;33,2;21,3;19,3;47;42;44;112;6,3;2,8;
2025/05/28;2000 UTC;0;1001,6;1001,6;1001,2;;32,8;20,1;33,4;32,8;20,1;19,1;47;43;47;105;6,3;2,3;
2025/05/28;2100 UTC;0;1001,9;1001,9;1001,6;;31,2;20,7;32,8;31,2;20,7;19,9;54;47;54;113;4,7;1,7;
2025/05/28;2200 UTC;0;1002,2;1002,2;1001,9;;29,2;21;31,2;29,2;21;20,6;61;53;61;133;2,6;,2;
2025/05/28;2300 UTC;0;1002,6;1002,6;1002,2;;27,4;21,6;29,2;27,4;21,9;21;71;61;71;72;1,4;0;
2025/05/29;0000 UTC;0;1003,1;1003,1;1002,6;;26,5;21,8;27,4;26,5;22;21,5;76;71;75;113;0;0;
2025/05/29;0100 UTC;0;1003,7;1003,7;1003,1;;25,6;22,2;26,5;25,6;22,2;21,7;82;75;82;155;0;0;
2025/05/29;0200 UTC;0;1004;1004;1003,7;;24,9;22,1;25,6;24,9;22,3;21,8;84;82;84;213;0;0;
2025/05/29;0300 UTC;0;1004,5;1004,5;1004;;24,1;21,7;24,9;24,1;22,1;21,7;87;84;87;232;0;0;
2025/05/29;0400 UTC;0;1004,6;1004,6;1004,5;;24;21,7;24,1;23,9;21,8;21,7;87;87;87;231;1,1;0;
2025/05/29;0500 UTC;0;1004,5;1004,6;1004,5;;23,9;21,6;24;23,9;21,7;21,6;87;87;87;212;0;0;
2025/05/29;0600 UTC;0;1004;1004,5;1004;;23,5;21,4;23,9;23,5;21,6;21,4;88;87;88;212;0;0;
2025/05/29;0700 UTC;0;1004;1004,1;1003,9;;23,4;21,4;23,5;23,4;21,4;21,3;88;88;88;197;0;0;
2025/05/29;0800 UTC;0;1004,3;1004,3;1004;;23,2;21,2;23,4;23,1;21,4;21,2;89;88;89;215;0;0;
2025/05/29;0900 UTC;0;1004,5;1004,5;1004,3;;22,8;20,9;23,2;22,7;21,3;20,9;89;89;89;244;0;0;
2025/05/29;1000 UTC;0;1004,9;1004,9;1004,5;;23,1;21,3;23,1;22,8;21,3;21;90;89;90;180;0;0;
2025/05/29;1100 UTC;0;1005,7;1005,7;1004,9;;25,4;22,7;25,4;23,1;22,9;21,3;90;85;85;267;0;0;
2025/05/29;1200 UTC;0;1006,1;1006,1;1005,7;;27,6;22,6;28,4;25,3;24;22,4;85;72;74;156;1,5;0;
2025/05/29;1300 UTC;0;1005,9;1006,1;1005,9;;31,2;22,8;31,3;27,5;24,5;22,1;78;60;61;86;3;1;
2025/05/29;1400 UTC;0;1005,4;1006;1005,4;;32,4;21;32,7;31,2;23,5;21;62;50;51;80;3,9;1;
2025/05/29;1500 UTC;0;1004,7;1005,4;1004,7;;33,8;22,5;33,8;31,9;22,7;20,4;53;48;52;96;3,9;1,5;
2025/05/29;1600 UTC;0;1003,7;1004,7;1003,7;;32,8;20,9;33,9;32,3;22,4;20,6;54;47;50;175;4,1;1,5;
2025/05/29;1700 UTC;0;1002,8;1003,7;1002,8;;32,7;20,8;35;32,5;22;20,3;53;44;50;191;4,4;1,5;
2025/05/29;1800 UTC;0;1001,7;1002,8;1001,7;;34,8;19,7;35,3;32,6;22,5;19,3;53;40;41;157;4,5;1,5;
2025/05/29;1900 UTC;0;1001;1001,8;1001;;34,3;19,8;35,2;34,1;21,9;19;47;40;43;182;5;1,7;
2025/05/29;2000 UTC;0;1001;1001;1000,8;;32,1;19,8;34,7;32,1;21;19,1;48;41;48;153;4,8;,9;
2025/05/29;2100 UTC;0;1001,2;1001,2;1000,9;;32;20,5;33,3;32;20,5;19,6;51;46;51;126;2,7;,6;
2025/05/29;2200 UTC;0;1001,9;1001,9;1001,2;;29,5;21,2;31,9;29,5;21,4;20,3;62;51;61;203;2,3;0;
2025/05/29;2300 UTC;0;1002,6;1002,6;1001,9;;28;22,1;29,5;28;22,1;20,8;70;61;70;79;0;0;
2025/05/30;0000 UTC;0;1003,2;1003,2;1002,6;;27,2;22,5;28;27,2;22,6;21,7;75;70;75;73;0;0;
2025/05/30;0100 UTC;0;1004;1004;1003,2;;26,4;22,7;27,2;26,3;22,8;22;80;75;80;90;1,5;0;
2025/05/30;0200 UTC;0;1004,3;1004,4;1004;;26,2;22,8;26,6;26,2;22,8;22,3;81;78;81;227;2,1;0;
2025/05/30;0300 UTC;0;1004,3;1004,5;1004,3;;25,5;22,7;26,2;25,5;22,8;22,6;85;81;85;227;0;0;
2025/05/30;0400 UTC;0;1003,6;1004,3;1003,6;;25,2;22,6;25,5;25,2;22,7;22,5;86;84;85;213;0;0;
2025/05/30;0500 UTC;0;1003,1;1003,6;1003,1;;25;22,6;25,2;25;22,7;22,5;87;85;87;111;0;0;
2025/05/30;0600 UTC;0;1003,1;1003,2;1003;;25;22,6;25,1;24,7;22,7;22,5;87;87;87;191;0;0;
2025/05/30;0700 UTC;0;1002,9;1003,1;1002,7;;24,8;22,6;25;24,8;22,7;22,4;87;87;87;196;0;0;
2025/05/30;0800 UTC;0;1003;1003;1002,8;;24,5;22,4;24,8;24,5;22,6;22,4;88;87;88;249;0;0;
2025/05/30;0900 UTC;0;1003,6;1003,6;1003;;24,9;22,2;24,9;24,5;22,6;22,2;88;85;85;321;0;0;
2025/05/30;1000 UTC;0;1004,2;1004,2;1003,6;;25,1;22,3;25,1;24,9;22,3;22,1;85;84;85;279;0;0;
2025/05/30;1100 UTC;0;1004,6;1004,6;1004,2;;26,4;22,7;26,4;25,1;22,9;22,1;85;80;80;298;2,4;,6;
2025/05/30;1200 UTC;0;1004,9;1004,9;1004,6;;29,1;23,1;29,2;26,3;23,4;22,3;80;70;70;20;3,9;1,2;
2025/05/30;1300 UTC;0;1004,7;1004,9;1004,7;;30,2;23;30,5;28,6;23,9;22,3;71;65;65;60;4,1;1;
2025/05/30;1400 UTC;0;1004,6;1004,8;1004,6;;31,4;22,1;31,9;30,2;23,6;22;66;57;58;55;5,3;2,9;
2025/05/30;1500 UTC;0;1003,7;1004,6;1003,7;;32,3;22,1;32,7;31;22,8;21,7;60;54;55;43;5,4;2,1;
2025/05/30;1600 UTC;0;1002,7;1003,7;1002,7;;32,1;21,9;33,1;31,3;23,1;21,5;59;53;55;95;4,8;1,3;
2025/05/30;1700 UTC;0;1001,7;1002,7;1001,7;;32,5;21;33,7;32,1;22,7;21;57;50;51;76;3,9;1,9;
2025/05/30;1800 UTC;0;1001;1001,7;1001;;33,2;20,6;33,2;31,7;22,1;20,6;55;48;48;90;3,8;1,5;
2025/05/30;1900 UTC;0;1000,7;1001,1;1000,7;;32,1;21,8;33,9;32;21,8;20;55;45;55;107;4,2;2,2;
2025/05/30;2000 UTC;0;1000,4;1000,7;1000,3;;31,1;22,4;32,5;31,1;22,6;21,4;60;54;60;134;3,3;,9;
2025/05/30;2100 UTC;0;1000,5;1000,7;1000,4;;30,7;22;31,1;30,5;22,6;22;62;59;60;135;3,7;,9;
2025/05/30;2200 UTC;0;1001,1;1001,1;1000,5;;29;22,7;30,7;29;23,1;21,8;70;60;69;162;2;0;
2025/05/30;2300 UTC;0;1001,8;1001,9;1001,1;;28;23,1;29,1;27,9;23,2;22,6;75;69;75;215;0;0;
2025/05/31;0000 UTC;0;1002,8;1002,8;1001,8;;26,9;23,3;28;26,9;23,3;22,9;81;74;81;211;0;0;
2025/05/31;0100 UTC;0;1003,4;1003,4;1002,9;;26,3;22,8;26,8;26,3;23,4;22,8;82;81;81;231;0;0;
2025/05/31;0200 UTC;0;1003,8;1003,8;1003,4;;25,6;23,2;26,3;25,6;23,3;22,9;86;81;86;227;0;0;
2025/05/31;0300 UTC;0;1003,6;1003,9;1003,6;;25,1;22,7;25,6;25,1;23,1;22,6;86;85;86;257;0;0;
2025/05/31;0400 UTC;0;1003,1;1003,6;1003,1;;25;22,8;25,2;24,9;22,8;22,6;88;86;88;163;0;0;
2025/05/31;0500 UTC;0;1002,5;1003,1;1002,5;;24,9;22,8;25,1;24,8;22,9;22,6;88;87;88;159;0;0;
2025/05/31;0600 UTC;0;1001,9;1002,5;1001,9;;24,6;22,7;25;24,6;22,8;22,6;89;88;89;223;0;0;
2025/05/31;0700 UTC;0;1002,4;1002,6;1001,9;;25;22,8;25;24,5;22,8;22,5;89;88;88;115;3,7;0;
2025/05/31;0800 UTC;0;1002,9;1002,9;1002,4;;25;22,4;25,1;24,9;22,8;22,4;88;86;86;91;0;0;
2025/05/31;0900 UTC;0;1003,1;1003,1;1002,8;;24,9;22,6;25;24,8;22,7;22,4;87;86;87;144;0;0;
2025/05/31;1000 UTC;,2;1003,9;1003,9;1003,1;;24,7;22,7;24,9;24,7;22,7;22,5;89;87;89;202;0;0;
2025/05/31;1100 UTC;0;1004,1;1004,1;1003,9;;27;23,4;27,1;24,6;24,3;22,6;90;80;81;60;3,1;1,7;
2025/05/31;1200 UTC;0;1004,4;1004,5;1004,1;;29;23,4;29;27;24;22,5;81;71;72;56;5;2,4;
2025/05/31;1300 UTC;0;1004,6;1004,7;1004,4;;29,3;23;29,7;27,9;23,6;22,2;72;66;69;80;5,5;2,4;
2025/05/31;1400 UTC;0;1004,2;1004,6;1004,2;;30,2;22,4;30,7;29;23,4;22,2;69;62;63;93;4,8;2,7;
2025/05/31;1500 UTC;0;1003,7;1004,2;1003,7;;31,4;23,1;31,7;30;23,5;22,2;64;59;62;85;5,1;1,8;
2025/05/31;1600 UTC;0;1002,9;1003,7;1002,9;;31,6;22,2;32,2;30,2;23,3;21,9;64;56;58;99;5,9;1,4;
2025/05/31;1700 UTC;0;1001,9;1002,9;1001,9;;32,7;22,4;33,3;30,8;23,8;21,6;63;53;55;91;4,4;2,2;
2025/05/31;1800 UTC;0;1000,8;1001,9;1000,8;;32,8;21,3;34,2;31,8;23,4;21,3;57;49;51;96;4,3;2,5;
2025/05/31;1900 UTC;0;1000,5;1000,8;1000,5;;31,2;22;33,6;31,2;22,2;20,8;58;50;58;86;4,9;2,3;
2025/05/31;2000 UTC;0;1000,5;1000,5;1000,3;;32,3;21,6;33,1;31,1;22,6;21,3;59;51;53;83;4,3;2,3;
2025/05/31;2100 UTC;0;1000,8;1000,8;1000,5;;30,6;21,9;32,5;30,6;22,3;21,6;60;53;60;102;4,9;,6;
2025/05/31;2200 UTC;0;1001,6;1001,6;1000,8;;28,8;22,3;30,6;28,8;22,6;21,9;68;60;68;53;2;0;
2025/05/31;2300 UTC;0;1002,3;1002,3;1001,6;;27,9;22,8;28,8;27,9;23,4;22,2;76;68;74;78;1,4;0;
